2	3	293249
2	3	294402
2	3	296323
2	4	189569
2	4	187078
2	4	188934
2	5	264065
2	5	261509
2	5	261706
2	6	386953
2	6	384394
2	6	386572
2	7	60482
2	7	62083
2	7	63099
2	9	1601
2	9	1918
2	9	1342
2	10	104107
2	10	104310
2	10	103416
2	10	221381
2	10	223110
2	10	222996
2	13	639507
2	13	638486
2	13	640024
2	15	507523
2	15	505988
2	15	507152
2	15	235201
2	15	235087
2	15	233818
2	16	344707
2	16	343950
2	16	345871
2	18	481793
2	18	482957
2	18	485265
2	19	384267
2	19	386188
2	19	384722
2	24	856265
2	24	857363
2	24	856089
2	30	337793
2	30	336327
2	30	337417
2	31	457286
2	31	458376
2	31	459467
2	32	670723
2	32	672261
2	32	671117
2	33	869450
2	33	868176
2	33	867025
2	35	607746
2	35	604615
2	35	606602
2	37	703368
2	37	705741
2	37	703118
2	37	365634
2	37	362820
2	37	364170
2	39	435267
2	39	432712
2	39	433494
2	41	255302
2	41	253260
2	41	253649
2	42	505545
2	42	502035
2	42	504790
2	43	936710
2	43	938568
2	43	937164
2	45	630534
2	45	629779
2	45	632602
2	47	338315
2	47	340750
2	47	338129
2	49	854913
2	49	857922
2	49	856518
2	50	783941
2	50	781781
2	50	782999
2	51	973444
2	51	973025
2	51	973105
2	51	613645
2	51	615127
2	51	615647
2	53	209285
2	53	209099
2	53	208205
2	55	883794
2	55	884317
2	55	884197
2	58	233286
2	58	232392
2	58	235403
2	61	388616
2	61	387469
2	61	387342
2	64	566730
2	64	563533
2	64	566110
2	64	220290
2	64	219591
2	64	222154
2	66	163141
2	66	162565
2	66	165704
2	69	355205
2	69	355078
2	69	355783
2	71	746690
2	71	744131
2	71	744651
2	71	118213
2	71	120598
2	71	120048
2	71	81925
2	71	83760
2	71	82810
2	73	823819
2	73	823699
2	73	823899
2	74	659976
2	74	658836
2	74	658197
2	74	282497
2	74	283202
2	74	283720
2	75	275137
2	75	275655
2	75	276042
2	76	320006
2	76	320393
2	76	318161
2	76	83755
2	76	82805
2	77	453061
2	77	453448
2	77	454288
2	82	691084
2	82	690445
2	82	692176
2	82	352643
2	82	350411
2	82	353483
2	84	855944
2	84	856144
2	84	854873
2	85	377672
2	85	375754
2	85	377932
2	92	848072
2	92	846801
2	92	847572
2	93	234626
2	93	235078
2	93	232922
2	93	428162
2	93	430340
2	93	429765
2	94	617857
2	94	619588
2	94	620109
2	95	579267
2	95	576068
2	95	575621
2	95	308803
2	95	308100
2	95	307652
2	97	445889
2	97	445186
2	97	444738
2	98	688649
2	98	689547
2	98	688398
2	98	408897
2	98	408449
2	98	410753
2	99	365953
2	99	366148
2	99	364869
2	99	337729
2	99	336645
2	99	337038
2	99	482881
2	99	483076
2	99	481797
2	100	858889
2	100	859660
2	100	860307
2	100	454851
2	100	453572
2	100	453965
2	103	465665
2	103	466058
2	103	465172
2	104	385417
2	104	384531
2	104	383444
2	107	721794
2	107	722565
2	107	720645
2	107	995652
2	107	995408
2	107	994979
2	109	779011
2	109	777091
2	109	776644
2	111	1015564
2	111	1015135
2	111	1013984
2	112	828039
2	112	826831
2	112	826384
2	112	704065
2	112	705871
2	112	705424
2	113	677646
2	113	677199
2	113	676240
2	113	408714
2	113	409612
2	113	410575
2	119	867144
2	119	866697
2	119	866450
2	119	197250
2	119	197957
2	119	196998
2	121	239362
2	121	238275
2	121	237316
2	123	351169
2	123	353154
2	123	354117
2	123	998995
2	123	997844
2	123	998423
2	124	281665
2	124	282825
2	124	282192
2	125	219844
2	125	222344
2	125	221711
2	125	410563
2	125	410821
2	125	407816
2	127	790081
2	127	789122
2	127	789834
2	128	471298
2	128	472713
2	128	472461
2	128	760897
2	128	761609
2	128	762891
2	129	137035
2	129	136024
2	129	134815
2	129	698504
2	129	701128
2	129	699477
2	130	488839
2	130	488587
2	130	487758
2	133	294279
2	133	295304
2	133	295560
2	137	577284
2	137	576455
2	137	578509
2	137	746754
2	137	743821
2	137	746383
2	139	828484
2	139	829063
2	139	827021
2	140	254977
2	140	255233
2	140	252941
2	141	320529
2	141	321178
2	141	319642
2	141	560323
2	141	562377
2	141	562066
2	141	336657
2	141	337306
2	141	335770
2	142	969601
2	142	970180
2	142	971526
2	143	897603
2	143	898949
2	143	895561
2	144	505998
2	144	509647
2	144	508948
2	146	935234
2	146	934600
2	146	935439
2	148	1019270
2	148	1020109
2	148	1018382
2	150	640391
2	150	638665
2	150	637966
2	152	801669
2	152	804682
2	152	802316
2	153	187207
2	153	186631
2	153	190161
2	154	979783
2	154	978056
2	154	979290
2	157	727362
2	157	729735
2	157	728712
2	158	385673
2	158	384137
2	158	383692
2	159	617797
2	159	619846
2	159	617095
2	160	112420
2	160	111036
2	160	109628
2	160	74748
2	160	73340
2	161	1030465
2	161	1031699
2	161	1031189
2	162	922834
2	162	922324
2	162	921053
2	164	769025
2	164	768525
2	164	769173
2	164	572738
2	164	571655
2	164	574989
2	165	704012
2	165	704660
2	165	705876
2	166	526785
2	166	527301
2	166	526474
2	167	426500
2	167	425673
2	167	424403
2	167	327235
2	167	328905
2	167	326607
2	170	300678
2	170	298380
2	170	299408
2	171	457925
2	171	459348
2	171	460565
2	176	404234
2	176	403596
2	176	406927
2	177	672392
2	177	673608
2	177	672780
2	180	998914
2	180	997643
2	180	999132
2	182	965385
2	182	965004
2	182	966874
2	182	259076
2	182	258438
2	182	259979
2	185	713092
2	185	714253
2	185	712016
2	185	789700
2	185	792006
2	185	791625
2	186	322946
2	186	324487
2	186	322058
2	188	284165
2	188	281736
2	188	283281
2	189	739205
2	189	738441
2	189	736204
2	191	884355
2	191	883591
2	191	886225
2	191	496833
2	191	495297
2	191	493826
2	192	574921
2	192	575245
2	192	574223
2	192	473665
2	192	476626
2	192	475287
2	193	380044
2	193	379343
2	193	382550
2	194	859396
2	194	862030
2	194	861142
2	196	226825
2	196	226124
2	196	223896
2	198	809095
2	198	809612
2	198	812754
2	201	667972
2	201	666950
2	201	668489
2	205	687106
2	205	688645
2	205	686277
2	205	322883
2	205	322775
2	205	322587
2	207	624131
2	207	621763
2	207	622669
2	208	979399
2	208	978056
2	208	979851
2	208	278420
2	208	278232
2	208	279519
2	210	722696
2	210	722057
2	210	719434
2	210	568005
2	210	570250
2	210	567630
2	215	1006273
2	215	1008068
2	215	1006152
2	215	482953
2	215	484946
2	215	483026
2	216	920258
2	216	923395
2	216	921479
2	218	834945
2	218	836805
2	218	833928
2	219	1034372
2	219	1036229
2	219	1034700
2	219	796484
2	219	793607
2	219	794191
2	220	137100
2	220	135896
2	220	133976
2	220	627334
2	220	628294
2	220	626826
2	220	45272
2	220	47006
2	220	45927
2	223	915265
2	223	913736
2	223	914574
2	224	458825
2	224	458442
2	224	457995
2	224	1030663
2	224	1031501
2	224	1031702
2	226	667140
2	226	666375
2	226	669192
2	226	727620
2	226	729672
2	226	727242
2	228	270148
2	228	271435
2	228	268944
2	230	634115
2	230	633669
2	230	634502
2	231	934726
2	231	932999
2	231	932044
2	232	259335
2	232	256844
2	232	258896
2	233	585282
2	233	586115
2	233	585039
2	233	462465
2	233	462018
2	233	464322
2	234	437825
2	234	440129
2	234	436741
2	234	767684
2	234	766729
2	234	765196
2	235	408516
2	235	408077
2	235	410771
2	235	557889
2	235	556813
2	235	558993
2	236	611978
2	236	609228
2	236	611408
2	237	985409
2	237	987337
2	237	986124
2	238	875589
2	238	878472
2	238	877259
2	239	339529
2	239	341199
2	239	338708
2	243	813571
2	243	816774
2	243	815244
2	244	180678
2	244	180038
2	244	178959
2	244	59078
2	244	57999
2	244	57850
2	246	716230
2	246	718473
2	246	716619
2	246	998211
2	246	998790
2	246	999945
2	248	309698
2	248	312966
2	248	310475
2	248	539782
2	248	538758
2	248	540111
2	249	922179
2	249	920070
2	249	923334
2	250	207177
2	250	209673
2	250	209998
2	250	166857
2	250	169353
2	250	169678
2	252	680325
2	252	681672
2	252	681481
2	252	959619
2	252	957703
2	252	959244
2	254	483657
2	254	485264
2	254	484496
2	254	419145
2	254	418322
2	254	417633
2	255	821442
2	255	824644
2	255	822789
2	255	1030276
2	255	1031817
2	255	1030923
2	257	705859
2	257	705668
2	257	702989
2	259	99994
2	259	98155
2	259	96811
2	259	907457
2	259	910853
2	259	909959
2	259	258373
2	259	257809
2	259	258387
2	260	790337
2	260	791241
2	260	790159
2	261	779144
2	261	778062
2	261	780111
2	263	505415
2	263	504647
2	263	502985
2	264	1006722
2	264	1005900
2	264	1007952
2	264	277964
2	264	278542
2	264	277397
2	266	948483
2	266	949450
2	266	951502
2	269	834502
2	269	836551
2	269	837451
2	270	605700
2	270	606029
2	270	606929
2	270	555394
2	270	557316
2	270	557645
2	272	452482
2	272	449871
2	272	451418
2	274	573769
2	274	574669
2	274	574932
2	275	765449
2	275	764172
2	275	767052
2	276	897924
2	276	897418
2	276	896075
2	276	242242
2	276	241097
2	276	242830
2	278	277383
2	278	279116
2	278	278735
2	280	1026438
2	280	1028052
2	280	1027628
2	280	953862
2	280	952519
2	280	952655
2	283	594820
2	283	595720
2	283	595083
2	284	731907
2	284	734787
2	284	734215
2	285	206533
2	285	206152
2	285	205965
2	286	920257
2	286	919685
2	286	920393
2	287	404099
2	287	403718
2	287	407051
2	287	652164
2	287	651527
2	287	650377
2	287	835012
2	287	835720
2	287	834315
2	290	315011
2	290	314824
2	290	315913
2	291	799428
2	291	798023
2	291	799757
2	291	707971
2	291	706821
2	291	709319
2	293	290629
2	293	291718
2	293	290759
2	294	666498
2	294	668996
2	294	666059
2	295	842371
2	295	844105
2	295	843404
2	296	592514
2	296	593481
2	296	593869
2	298	755398
2	298	754697
2	298	753682
2	298	279617
2	298	278658
2	298	280391
2	298	502151
2	298	504775
2	298	505163
2	299	347201
2	299	348934
2	299	349258
2	300	1023576
2	300	1023262
2	300	1024163
2	300	288453
2	300	286218
2	300	288344
2	302	85953
2	302	86533
2	302	84694
2	302	1281
2	302	1861
2	302	22
2	303	82500
2	303	80661
2	303	82454
2	304	863555
2	304	862540
2	304	863063
2	305	397636
2	305	398603
2	305	397203
2	305	565636
2	305	563915
2	305	566029
2	307	116945
2	307	118738
2	307	120598
2	307	818185
2	307	818708
2	307	820259
2	309	588103
2	309	590217
2	309	590795
2	309	418759
2	309	417359
2	309	418578
2	310	254097
2	310	253651
2	310	255709
2	316	477832
2	316	480521
2	316	479051
2	316	752068
2	316	754187
2	316	752535
2	318	614978
2	318	613575
2	318	615445
2	320	649861
2	320	651731
2	320	649364
2	324	995014
2	324	995915
2	324	993618
2	324	390339
2	324	388751
2	324	389839
2	324	1793
2	324	712
2	324	1756
2	325	559682
2	325	563022
2	325	560655
2	325	116548
2	325	113607
2	325	115534
2	327	784780
2	327	787983
2	327	786002
2	327	465356
2	327	466444
2	327	467917
2	327	261698
2	327	263756
2	327	260684
2	329	232458
2	329	234124
2	329	231575
2	330	975749
2	330	973452
2	330	973521
2	332	46983
2	332	46100
2	332	45928
2	335	1030669
2	335	1032020
2	335	1030933
2	339	363138
2	339	363728
2	339	363924
2	339	169602
2	339	167053
2	339	168592
2	339	681158
2	339	679059
2	339	680278
2	339	435649
2	339	435535
2	339	432272
2	340	528270
2	340	529874
2	340	527318
2	341	275022
2	341	273422
2	341	275218
2	342	884805
2	342	885510
2	342	885774
2	345	759182
2	345	756880
2	345	758929
2	347	889537
2	347	889801
2	347	888204
2	348	935239
2	348	934152
2	348	932555
2	352	112131
2	352	112523
2	352	110420
2	354	521796
2	354	519240
2	354	520652
2	355	311492
2	355	310088
2	355	310922
2	355	1018817
2	355	1018245
2	355	1020169
2	355	210692
2	355	209288
2	355	210122
2	356	948675
2	356	949700
2	356	948422
2	358	623811
2	358	621448
2	358	622025
2	359	848897
2	359	847619
2	359	848396
2	359	322180
2	359	323014
2	359	322506
2	360	912130
2	360	915332
2	360	912907
2	361	698630
2	361	700745
2	361	699736
2	362	460164
2	362	459141
2	362	460485
2	362	829768
2	362	832265
2	362	833055
2	363	234306
2	363	233798
2	363	235340
2	364	1035399
2	364	1034653
2	365	286212
2	365	287754
2	365	286607
2	366	549441
2	366	547841
2	366	549185
2	367	586834
2	367	584021
2	367	584092
2	367	482627
2	367	482389
2	367	483221
2	367	570706
2	367	567893
2	367	567964
2	369	255494
2	369	254347
2	369	253711
2	370	719887
2	370	721944
2	370	720868
2	370	436933
2	370	438034
2	370	438866
2	371	881430
2	371	880662
2	371	879191
2	371	978198
2	371	977430
2	371	977120
2	372	98241
2	372	98904
2	372	98529
2	373	94871
2	373	94496
2	373	95394
2	375	351109
2	375	350473
2	375	351370
2	380	277892
2	380	278789
2	380	278217
2	384	238465
2	384	237893
2	384	235980
2	385	654353
2	385	656341
2	385	656728
2	385	294340
2	385	296465
2	385	293470
2	388	422791
2	388	422473
2	388	421454
2	388	475207
2	388	474889
2	388	473870
2	389	256135
2	389	256658
2	389	257178
2	393	928714
2	393	929421
2	393	928660
2	393	879169
2	393	880330
2	393	881037
2	394	787593
2	394	788300
2	394	785356
2	395	478914
2	395	477895
2	395	480967
2	396	134793
2	396	135691
2	396	136211
2	397	457733
2	397	459846
2	397	459465
2	402	394948
2	402	393927
2	402	391757
2	402	588865
2	402	588484
2	402	589319
2	403	528003
2	403	526982
2	403	528838
2	403	860867
2	403	858310
2	403	860106
2	405	111490
2	405	112010
2	405	108882
2	406	904455
2	406	904015
2	406	906984
2	406	502787
2	406	504643
2	406	503698
2	406	717187
2	406	715524
2	406	716356
2	407	168456
2	407	169610
2	407	169171
2	409	739713
2	409	740545
2	409	743172
2	409	436678
2	409	439183
2	409	436704
2	409	558273
2	409	558916
2	409	558924
2	410	635523
2	410	636101
2	410	635531
2	410	687939
2	410	688517
2	410	687947
2	413	855624
2	413	854549
2	413	854500
2	413	676418
2	413	675848
2	413	674190
2	415	201858
2	415	201419
2	415	201548
2	415	298626
2	415	298187
2	415	298316
2	415	714502
2	415	712134
2	415	710995
2	415	334914
2	415	334475
2	415	334604
2	417	273993
2	417	274122
2	417	274318
2	421	826317
2	421	826268
2	421	826015
2	421	674182
2	421	674701
2	421	677133
2	423	628
2	424	496771
2	424	497290
2	424	496092
2	426	245889
2	426	246085
2	426	247183
2	427	569863
2	427	570706
2	427	568665
2	427	254148
2	427	255246
2	427	253839
2	431	267338
2	431	265931
2	431	267660
2	434	602955
2	434	603660
2	434	600914
2	434	756171
2	434	756876
2	434	757711
2	441	334465
2	441	336194
2	441	336387
2	442	247489
2	442	247682
2	442	244227
2	443	356545
2	443	355653
2	443	355468
2	444	367748
2	444	367563
2	444	370521
2	445	656065
2	445	656900
2	445	656647
2	445	148740
2	445	145758
2	445	149285
2	446	1014220
2	446	1015136
2	446	1013937
2	446	701251
2	446	700998
2	446	700744
2	448	310017
2	448	311111
2	448	312666
2	449	230470
2	449	230745
2	449	229921
2	449	753411
2	449	753157
2	449	754768
2	452	737026
2	452	738637
2	452	737625
2	452	525003
2	452	524619
2	452	523729
2	454	722507
2	454	721495
2	454	721242
2	455	300563
2	455	299283
2	455	298459
2	458	912007
2	458	914324
2	458	912925
2	463	568070
2	463	570456
2	463	571096
2	463	543878
2	463	543120
2	463	546264
2	465	822284
2	465	822031
2	465	821781
2	469	486021
2	469	486666
2	469	489173
2	474	397957
2	474	395548
2	474	396381
2	474	317317
2	474	314568
2	474	314012
2	475	37388
2	475	36316
2	475	38190
2	477	757507
2	477	757257
2	477	755914
2	478	969353
2	478	969553
2	478	970198
2	479	436696
2	479	439581
2	479	437483
2	480	741126
2	480	739783
2	480	740423
2	482	261588
2	482	262484
2	482	263317
2	486	723649
2	486	724289
2	486	725898
2	487	638339
2	487	637141
2	487	640789
2	487	678659
2	487	681545
2	487	681109
2	487	68560
2	487	71326
2	487	70434
2	487	880840
2	487	879113
2	487	879817
2	490	596818
2	490	597535
2	490	597217
2	495	891201
2	495	891905
2	495	892099
2	496	783234
2	496	781900
2	496	784081
2	496	827586
2	496	829060
2	496	826252
2	498	841154
2	498	838346
2	498	840527
2	500	935433
2	500	933261
2	500	932750
2	502	227009
2	502	226312
2	502	224527
2	502	283457
2	502	282760
2	502	280975
2	503	335175
2	503	336659
2	503	335379
2	503	1874
2	503	918
2	503	1366
2	508	520909
2	508	520591
2	508	519760
2	508	753861
2	508	755334
2	508	755080
2	509	1030344
2	509	1031513
2	509	1030367
2	510	289031
2	510	289481
2	510	292300
2	513	892417
2	513	892163
2	513	893252
2	513	767425
2	513	767171
2	513	765956
2	514	859906
2	514	860995
2	514	858691
2	516	844865
2	516	842561
2	516	842766
2	517	176578
2	517	175236
2	517	177799
2	517	913041
2	517	914577
2	517	913431
2	517	766157
2	517	764433
2	517	767889
2	519	203458
2	519	206339
2	519	206021
2	521	117828
2	521	118276
2	521	120709
2	521	564930
2	521	564099
2	521	565957
2	522	386690
2	522	383426
2	522	386183
2	522	302786
2	522	302148
2	522	304907
2	523	543937
2	523	545795
2	523	544707
2	524	493378
2	524	492290
2	524	491013
2	524	281986
2	524	283277
2	524	283918
2	525	56898
2	525	56451
2	525	56464
2	525	85122
2	525	84675
2	525	87696
2	526	611208
2	526	611020
2	526	608718
2	526	539395
2	526	539716
2	526	538759
2	526	242955
2	526	243596
2	526	241678
2	527	28225
2	527	28238
2	527	29336
2	528	13
2	528	1111
2	528	691
2	529	459073
2	529	458116
2	529	458440
2	530	776516
2	530	779972
2	530	777670
2	530	478275
2	530	478599
2	530	477448
2	533	416324
2	533	418116
2	533	416965
2	534	668802
2	534	667460
2	534	667080
2	534	889222
2	534	888137
2	534	889806
2	534	985990
2	534	987659
2	534	986574
2	536	740034
2	536	739654
2	536	742983
2	537	324225
2	537	322307
2	537	322822
2	537	437121
2	537	439363
2	537	437768
2	538	362626
2	538	363141
2	538	365191
2	538	654980
2	538	656072
2	538	656458
2	540	240897
2	540	242179
2	540	241432
2	540	912323
2	540	915077
2	540	913992
2	540	509826
2	540	506309
2	540	507399
2	541	193794
2	541	190602
2	541	193047
2	541	1098
2	541	678
2	541	1576
2	542	631876
2	542	632262
2	542	629448
2	543	841925
2	543	845445
2	543	844744
2	543	273685
2	543	275030
2	543	274714
2	545	1018819
2	545	1018118
2	545	1018133
2	545	406594
2	545	406407
2	545	406158
2	546	700802
2	546	700037
2	546	699013
2	547	476227
2	547	474949
2	547	476935
2	548	724227
2	548	723203
2	548	723779
2	548	949571
2	548	949586
2	548	950553
2	550	545793
2	550	546369
2	550	543490
2	551	69212
2	551	70622
2	551	70110
2	551	674499
2	551	676804
2	551	677645
2	551	609987
2	551	608459
2	551	609236
2	551	903437
2	551	903759
2	551	905231
2	551	646275
2	551	648580
2	551	645524
2	552	462599
2	552	463306
2	552	464083
2	554	588296
2	554	589073
2	554	587928
2	555	738121
2	555	738443
2	555	737809
2	559	447171
2	559	447948
2	559	446803
2	562	492297
2	562	491152
2	562	493330
2	564	226625
2	564	226309
2	564	226120
2	564	790850
2	564	792322
2	564	790216
2	565	310980
2	565	310791
2	565	309459
2	566	810374
2	566	809546
2	566	809867
2	566	906183
2	566	903372
2	566	903454
2	569	290627
2	569	289295
2	569	290391
2	571	539527
2	571	541705
2	571	542220
2	572	769220
2	572	769541
2	572	770310
2	572	276684
2	572	277196
2	572	278292
2	573	965148
2	573	966751
2	573	966113
2	576	717121
2	576	717890
2	576	715076
2	577	738049
2	577	735750
2	577	736518
2	578	467663
2	578	465367
2	578	468569
2	578	784901
2	578	785352
2	578	786315
2	579	42370
2	579	41858
2	579	42821
2	580	606723
2	580	607491
2	580	607942
2	581	131523
2	581	132035
2	581	129679
2	581	99267
2	581	99779
2	581	97423
2	583	640195
2	583	640008
2	583	638605
2	583	688579
2	583	689542
2	583	688392
2	584	161352
2	584	157900
2	584	160790
2	584	193608
2	584	194190
2	584	194447
2	586	717763
2	586	716613
2	586	717962
2	589	777090
2	589	778439
2	589	777928
2	591	705861
2	591	703109
2	591	705350
2	592	262726
2	592	262983
2	592	263753
2	593	513603
2	593	512906
2	593	513933
2	596	790017
2	596	791749
2	596	789262
2	596	40326
2	596	42205
2	596	42470
2	596	613703
2	596	614730
2	596	615886
2	597	759492
2	597	755849
2	597	757005
2	598	299265
2	598	300035
2	598	297864
2	599	316162
2	599	313991
2	599	314248
2	601	869955
2	601	869317
2	601	867020
2	601	362630
2	601	365000
2	601	365974
2	602	1879
2	602	41
2	602	1708
2	603	570371
2	603	569288
2	603	567572
2	604	970114
2	604	971345
2	604	971736
2	606	928136
2	606	931023
2	606	931414
2	606	225537
2	606	223635
2	606	226964
2	606	636036
2	606	633797
2	606	636371
2	607	239762
2	607	243091
2	607	242581
2	609	394190
2	609	392273
2	609	391763
2	610	709763
2	610	710404
2	610	708943
2	611	563532
2	611	566094
2	611	564567
2	613	782977
2	613	781516
2	613	783122
2	614	821835
2	614	823441
2	614	822291
2	621	1008007
2	621	1007625
2	621	1006985
2	623	452739
2	623	454150
2	623	455691
2	625	730694
2	625	729544
2	625	727438
2	625	616969
2	625	618574
2	625	620058
2	625	120709
2	625	119049
2	625	116946
2	626	331266
2	626	333187
2	626	330372
2	628	1031810
2	628	1031170
2	628	1031504
2	628	300929
2	628	298114
2	628	300359
2	629	423429
2	629	421318
2	629	422536
2	630	240004
2	630	243529
2	630	240209
2	630	1007310
2	630	1007451
2	630	1005980
2	630	966990
2	630	967131
2	630	965660
2	631	830338
2	631	830989
2	631	829716
2	633	758411
2	633	757138
2	633	756051
2	634	519299
2	634	521797
2	634	519495
2	634	134732
2	634	135373
2	634	135187
2	635	386242
2	635	384644
2	635	386438
2	637	461250
2	637	463044
2	637	463825
2	639	624076
2	639	622989
2	639	621071
2	639	362242
2	639	359116
2	639	361244
2	641	475917
2	641	474138
2	641	476444
2	643	1667
2	643	1424
2	644	797447
2	644	800334
2	644	797969
2	644	987277
2	644	985806
2	644	987598
2	646	107137
2	646	106951
2	646	106253
2	647	147270
2	647	146572
2	647	147981
2	651	272969
2	651	276126
2	651	273758
2	651	715713
2	651	715271
2	651	717322
2	652	645250
2	652	646726
2	652	648777
2	653	134470
2	653	135879
2	653	136668
2	654	525764
2	654	522509
2	654	524815
2	657	993857
2	657	995649
2	657	994640
2	658	901903
2	658	902479
2	658	900309
2	658	617547
2	658	618124
2	658	619990
2	658	1014799
2	658	1015375
2	658	1014357
2	659	91521
2	659	91955
2	659	88885
2	660	181013
2	660	181423
2	660	180658
2	661	749969
2	661	751122
2	661	749011
2	667	410375
2	667	409166
2	667	411023
2	669	557633
2	669	555525
2	669	558988
2	670	595786
2	670	595275
2	670	592460
2	673	948678
2	673	949830
2	673	951504
2	673	986118
2	673	987792
2	673	987923
2	674	457543
2	674	459400
2	674	458440
2	678	775297
2	678	773186
2	678	772675
2	679	846468
2	679	847237
2	679	847045
2	679	919813
2	679	923274
2	679	923405
2	680	712193
2	680	713411
2	680	714180
2	681	681154
2	681	681731
2	681	679301
2	681	382785
2	681	381825
2	681	380434
2	681	231250
2	681	229786
2	681	229021
2	682	499163
2	682	499422
2	682	500130
2	682	436881
2	682	438683
2	682	438942
2	683	758529
2	683	758337
2	683	755907
2	684	808011
2	684	806670
2	684	807506
2	684	795915
2	684	794574
2	684	795410
2	686	637214
2	686	640166
2	686	640553
2	689	1028227
2	689	1026638
2	689	1026321
2	692	1034699
2	692	1034382
2	692	1036056
2	695	875203
2	695	876039
2	695	877448
2	698	791364
2	698	792136
2	698	792456
2	699	346696
2	699	349962
2	699	347855
2	702	845185
2	702	844548
2	702	844868
2	703	933251
2	703	933571
2	703	932231
2	706	891908
2	706	892422
2	706	894092
2	706	912068
2	706	912582
2	706	915082
2	707	253187
2	707	255111
2	707	253390
2	709	463107
2	709	463815
2	709	463626
2	710	827906
2	710	826445
2	710	825614
2	710	206724
2	710	205003
2	710	203212
2	712	861830
2	712	858699
2	712	861519
2	712	479940
2	712	479751
2	712	477966
2	712	9097
2	712	9674
2	712	8465
2	714	325959
2	714	328780
2	714	326864
2	716	524099
2	716	523790
2	716	524815
2	716	1019074
2	716	1020226
2	716	1018763
2	718	966345
2	718	964811
2	718	965774
2	718	1038921
2	718	1039586
2	718	1039409
2	719	510215
2	719	511691
2	719	512716
2	721	66113
2	721	67201
2	721	64904
2	721	215297
2	721	216385
2	721	217993
2	722	101191
2	722	102216
2	722	100809
2	722	173640
2	722	170760
2	722	172814
2	723	765121
2	723	765508
2	723	767238
2	724	713091
2	724	713113
2	724	714077
2	726	395396
2	726	398788
2	726	396363
2	727	944642
2	727	945605
2	727	945359
2	727	739010
2	727	737302
2	727	738266
2	729	25601
2	729	24194
2	729	24779
2	729	848835
2	729	848589
2	729	846164
2	730	273606
2	730	275399
2	730	275980
2	730	492545
2	730	492932
2	730	489676
2	730	88705
2	730	89290
2	730	89753
2	731	557443
2	731	556628
2	731	557015
2	731	585
2	731	1048
2	731	1947
2	732	909066
2	732	908820
2	732	910548
2	734	580817
2	734	581204
2	734	583509
2	736	222977
2	736	221258
2	736	221331
2	737	336453
2	737	337159
2	737	334153
2	740	37327
2	740	38226
2	740	37846
2	742	373442
2	742	373451
2	742	371854
2	742	892682
2	742	894410
2	742	891467
2	744	419527
2	744	417801
2	744	416204
2	746	225353
2	746	226698
2	746	223692
2	749	738244
2	749	736710
2	749	736075
2	751	526658
2	751	528771
2	751	526982
2	752	875329
2	752	878095
2	752	876560
2	752	986959
2	752	985424
2	752	986520
2	753	416195
2	753	418116
2	753	416711
2	753	797186
2	753	799951
2	753	797994
2	754	551171
2	754	554630
2	754	554193
2	755	699781
2	755	699344
2	755	701224
2	755	66435
2	755	66055
2	755	64536
2	755	230721
2	755	227715
2	755	231237
2	756	317313
2	756	315908
2	756	316549
2	757	436867
2	757	437508
2	757	439636
2	758	122500
2	758	124555
2	758	124687
2	760	659019
2	760	657884
2	760	660899
2	760	348801
2	760	346313
2	760	346445
2	761	388255
2	761	390560
2	761	390178
2	762	96785
2	762	97241
2	762	96794
2	767	973313
2	767	974409
2	767	975051
2	768	877640
2	768	878282
2	768	875548
2	769	229508
2	769	229714
2	769	228245
2	771	629126
2	771	629649
2	771	632664
2	773	237774
2	773	236305
2	773	239059
2	776	946818
2	776	947339
2	776	945892
2	777	524811
2	777	523600
2	777	523218
2	778	987657
2	778	986210
2	778	987492
2	779	456
2	779	9
2	779	1169
2	787	1018457
2	787	1019739
2	787	1019487
2	787	248387
2	787	251141
2	787	249352
2	787	28225
2	787	29385
2	788	555845
2	788	558919
2	788	555463
2	788	1160
2	790	156613
2	790	154374
2	790	157521
2	792	333699
2	792	329987
2	792	332941
2	793	478850
2	793	478092
2	793	478806
2	795	750529
2	795	749187
2	795	749956
2	795	674818
2	795	676611
2	795	677380
2	795	453898
2	795	454612
2	795	455575
2	795	217996
2	795	217423
2	795	216726
2	796	809666
2	796	810435
2	796	812816
2	796	75605
2	796	72636
2	797	612097
2	797	610245
2	797	611412
2	798	725761
2	798	723140
2	798	724307
2	799	772690
2	799	775966
2	799	774243
2	802	607375
2	802	604752
2	802	606808
2	805	406218
2	805	407181
2	805	403791
2	807	273859
2	807	273162
2	807	274765
2	810	236871
2	810	238474
2	810	239378
2	812	926978
2	812	926726
2	812	925137
2	814	1007364
2	814	1005775
2	814	1006039
2	815	451523
2	815	449863
2	815	449037
2	817	194115
2	817	192848
2	817	193299
2	817	679369
2	817	681489
2	817	678043
2	818	510340
2	818	510476
2	818	512730
2	818	989643
2	818	989907
2	818	991831
2	820	296642
2	820	295816
2	820	296778
2	822	404678
2	822	405640
2	822	403614
2	826	641746
2	826	644690
2	826	645011
2	828	353218
2	828	350536
2	828	351192
2	829	887109
2	829	889096
2	829	886928
2	830	412184
2	830	414552
2	830	411929
2	833	213443
2	833	214099
2	833	214613
2	834	777738
2	834	778059
2	834	777036
2	836	242320
2	836	242834
2	836	242579
2	837	907140
2	837	906700
2	837	903373
2	841	1027656
2	841	1026323
2	841	1026709
2	844	555658
2	844	556560
2	844	557591
2	844	745793
2	844	744770
2	844	746118
2	845	764929
2	845	766277
2	845	767244
2	846	701764
2	846	701518
2	846	700559
2	849	998091
2	849	997645
2	849	998477
2	850	787399
2	850	786186
2	850	785227
2	852	283138
2	852	282883
2	852	284039
2	854	315137
2	854	316293
2	854	313609
2	854	465477
2	854	467846
2	854	465996
2	855	300164
2	855	297480
2	855	300683
2	856	1927
2	856	1417
2	856	778
2	857	846659
2	857	848899
2	857	848453
2	859	373255
2	859	370891
2	859	374162
2	860	522438
2	860	525319
2	860	523345
2	860	769089
2	860	771842
2	860	769548
2	860	912962
2	860	913794
2	860	914956
2	861	706758
2	861	709067
2	861	709845
2	862	885388
2	862	886097
2	862	883220
2	862	939146
2	862	937804
2	862	938513
2	863	122370
2	863	121731
2	863	124182
2	863	198978
2	863	201543
2	863	200790
2	865	89473
2	865	91924
2	865	90389
2	866	50068
2	866	49385
2	866	406411
2	866	407374
2	866	405714
2	867	588813
2	867	590293
2	867	589913
2	870	253199
2	870	254546
2	870	253589
2	872	738058
2	872	735440
2	872	737622
2	872	1010370
2	872	1011079
2	872	1011351
2	874	926405
2	874	926677
2	874	923995
2	877	463811
2	877	462151
2	877	463453
2	879	971024
2	879	969562
2	879	968926
2	880	522628
2	880	525768
2	880	525388
2	882	785996
2	882	785101
2	882	786899
2	884	419094
2	884	416282
2	884	416675
2	885	203265
2	885	206147
2	885	205190
2	886	108421
2	886	105813
2	886	107618
2	888	618116
2	888	619783
2	888	618377
2	888	289859
2	888	290250
2	888	291286
2	891	229767
2	891	230803
2	891	229911
2	892	595587
2	892	594181
2	892	594509
2	894	756865
2	894	758663
2	894	757259
2	895	699010
2	895	702214
2	895	700810
2	895	985674
2	895	986517
2	895	986717
2	897	612104
2	897	610632
2	897	608585
2	898	254988
2	898	254096
2	898	254483
2	901	813700
2	901	816324
2	901	815688
2	905	725830
2	905	725321
2	905	726927
2	905	632585
2	905	629134
2	905	629391
2	905	892292
2	905	891142
2	905	893771
2	906	499725
2	906	500109
2	906	500366
2	907	63245
2	907	63000
2	909	850818
2	909	850309
2	909	853447
2	910	318596
2	910	318983
2	910	318343
2	911	777731
2	911	779337
2	911	776905
2	914	747078
2	914	744646
2	914	744264
2	914	262531
2	914	261891
2	914	263429
2	916	944644
2	916	946376
2	916	945741
2	917	287618
2	917	284995
2	917	286854
2	917	247298
2	917	244675
2	917	246534
2	919	343300
2	919	344903
2	919	342346
2	919	500353
2	919	498119
2	919	501130
2	919	524545
2	919	525322
2	919	525453
2	920	177987
2	920	177033
2	920	175883
2	920	849604
2	920	847173
2	920	848969
2	920	541449
2	920	541580
2	920	539088
2	920	691842
2	920	693957
2	920	690633
2	922	666439
2	922	666570
2	923	296515
2	923	293958
2	923	294923
2	924	957829
2	924	959498
2	924	956940
2	925	804612
2	925	803723
2	926	395720
2	926	397962
2	929	232322
2	929	234437
2	929	589955
2	929	919173
2	929	916615
