2	4	65601
2	4	66772
2	4	67134
2	5	539464
2	5	542415
2	5	542031
2	5	575752
2	5	579023
2	5	579215
2	5	607887
2	5	607247
2	5	607439
2	5	70803
2	5	71165
2	13	462234
2	13	461365
2	13	461813
2	20	831819
2	20	832459
2	20	832184
2	20	755211
2	20	755576
2	20	755128
2	20	649464
2	20	799563
2	20	800203
2	20	799928
2	20	904395
2	20	905035
2	20	906093
2	20	624952
2	20	625272
2	24	278889
2	24	277865
2	24	278377
2	24	144809
2	24	145321
2	24	143722
2	31	853666
2	31	852333
2	31	851885
2	31	893986
2	31	894562
2	31	894823
2	39	419994
2	39	421019
2	39	421467
2	65	959301
2	65	959429
2	65	957131
2	65	1031877
2	65	1032005
2	65	1031371
2	65	995589
2	65	995717
2	65	993419
2	65	300033
2	65	300481
2	65	299394
2	65	232385
2	65	234882
2	65	231621
2	65	264641
2	65	267777
2	65	267138
2	66	163076
2	66	164301
2	66	165556
2	66	363905
2	66	363927
2	66	363124
2	66	392129
2	66	395082
2	66	392151
2	67	323606
2	67	322803
2	70	115913
2	70	1011206
2	70	1011974
2	70	1010261
2	70	1019270
2	70	1020038
2	70	1018325
2	76	873167
2	76	871985
2	76	977999
2	76	513700
2	76	844943
2	76	843761
2	76	533860
2	76	1026383
2	79	193767
2	89	322781
2	89	324467
2	91	916322
2	112	618542
2	112	617966
2	118	272022
2	118	270826
2	118	270186
2	125	840033
2	125	840098
2	125	840680
2	140	378386
2	140	375636
2	140	374996
2	158	474114
2	158	473996
2	158	474253
2	158	619760
2	158	618174
2	158	583472
2	158	581886
2	158	860225
2	158	860807
2	158	861898
2	159	864838
2	159	865929
2	159	864403
2	160	764
2	160	299336
2	160	298122
2	160	300618
2	160	259016
2	160	257802
2	160	256229
2	160	335624
2	160	334410
2	160	336906
2	160	226760
2	160	225546
2	160	223973
2	160	111077
2	160	109628
2	160	111100
2	160	408200
2	160	409482
2	160	409739
2	165	903042
2	165	902211
2	165	900685
2	167	1023169
2	168	969226
2	168	318274
2	168	320770
2	168	321027
2	170	240091
2	170	240114
2	170	401665
2	170	402056
2	170	402190
2	171	418183
2	171	418317
2	171	417634
2	178	442502
2	178	441819
2	178	441436
2	184	449877
2	184	449494
2	184	450006
2	197	137815
2	197	139287
2	197	138356
2	205	405121
2	205	405633
2	205	403703
2	206	694734
2	206	698027
2	206	695467
2	206	379510
2	220	45597
2	220	45022
2	220	44391
2	220	594653
2	220	594333
2	220	593822
2	220	138333
2	220	137758
2	220	138865
2	249	878273
2	249	876033
2	249	875913
2	249	77249
2	249	76618
2	249	78356
2	249	803457
2	249	803337
2	249	800905
2	249	638145
2	249	639363
2	249	639625
2	249	617985
2	249	619203
2	249	619465
2	250	1027209
2	250	1027721
2	250	1028297
2	250	986889
2	250	987401
2	250	987977
2	250	586946
2	250	587208
2	250	586967
2	250	40329
2	250	42067
2	250	40495
2	250	843656
2	250	845321
2	250	845577
2	252	663814
2	252	663573
2	252	665011
2	258	837249
2	258	837505
2	258	834349
2	258	679695
2	258	681133
2	258	680493
2	259	970668
2	259	971052
2	259	969261
2	259	1002924
2	259	1003308
2	259	1002157
2	259	1039212
2	259	1039596
2	259	1040047
2	259	942444
2	259	942828
2	259	941037
2	259	958572
2	259	958956
2	259	957165
2	259	1738
2	259	166
2	259	1323
2	259	1023084
2	259	1023468
2	259	1022317
2	260	285108
2	260	287412
2	260	285621
2	269	109020
2	269	110177
2	269	110758
2	273	664990
2	273	664350
2	273	661726
2	297	9349
2	297	9930
2	297	9884
2	302	82501
2	302	83466
2	302	83018
2	303	961153
2	303	961793
2	303	960835
2	303	755521
2	303	755203
2	303	752067
2	303	711747
2	303	711127
2	303	711409
2	303	503491
2	303	502851
2	303	502292
2	303	546435
2	303	543811
2	303	543171
2	303	985345
2	303	985985
2	303	987587
2	303	586755
2	303	584131
2	303	586135
2	304	872130
2	304	872662
2	304	912450
2	304	915010
2	304	914883
2	306	852500
2	306	1015681
2	306	650644
2	306	650926
2	306	1039873
2	306	481544
2	306	482129
2	306	482577
2	306	440582
2	306	441224
2	306	441040
2	307	119749
2	307	119301
2	307	120262
2	307	1005715
2	312	180737
2	312	181249
2	312	179914
2	312	325889
2	312	326401
2	312	328322
2	312	152513
2	312	153025
2	312	151690
2	313	212169
2	313	213836
2	313	211468
2	313	247681
2	313	247497
2	313	244425
2	314	368456
2	314	369225
2	314	369673
2	322	357121
2	322	357569
2	322	354947
2	322	161411
2	322	159043
2	322	157969
2	323	405187
2	323	405989
2	323	403831
2	323	433411
2	323	434213
2	325	268097
2	325	266741
2	325	113614
2	325	114990
2	325	113841
2	326	883372
2	326	884460
2	326	883884
2	326	610586
2	326	610605
2	326	385826
2	326	383668
2	339	46432
2	339	45283
2	339	45795
2	352	626707
2	352	626988
2	352	628405
2	370	796098
2	370	796291
2	370	793699
2	370	864642
2	370	864835
2	370	865379
2	370	828354
2	370	828547
2	370	829091
2	371	129923
2	371	130435
2	371	131224
2	371	626969
2	371	628386
2	371	627683
2	372	889025
2	372	890529
2	372	889569
2	373	902624
2	373	901664
2	373	900193
2	374	58645
2	374	56479
2	374	57376
2	374	90901
2	374	88735
2	374	89632
2	378	295119
2	378	294299
2	378	293566
2	393	306380
2	393	305647
2	393	307696
2	395	141066
2	395	137995
2	395	140333
2	396	644489
2	396	643786
2	396	642442
2	405	932417
2	405	932033
2	405	932660
2	405	253219
2	405	252835
2	405	252452
2	405	732481
2	405	734849
2	405	734465
2	405	897
2	406	688083
2	406	688730
2	406	689971
2	406	837914
2	406	839923
2	406	839155
2	406	603411
2	406	600282
2	406	601434
2	406	59298
2	406	58915
2	406	58853
2	406	583251
2	406	579738
2	406	580122
2	406	813722
2	406	815731
2	406	814963
2	406	780819
2	406	781466
2	406	783475
2	406	619539
2	406	617562
2	406	617178
2	425	684679
2	425	685920
2	425	682872
2	432	458433
2	432	456841
2	432	457163
2	432	482625
2	432	481762
2	432	485297
2	432	555201
2	432	557873
2	432	531009
2	432	533681
2	432	726233
2	432	723185
2	432	506817
2	432	509489
2	433	436680
2	433	437002
2	433	437409
2	440	204033
2	440	203971
2	440	205958
2	440	179841
2	440	179779
2	440	181766
2	441	155586
2	441	157573
2	441	156805
2	441	336194
2	441	334981
2	441	334213
2	443	355139
2	443	354819
2	443	356759
2	443	152771
2	443	153219
2	443	151004
2	446	280148
2	446	279276
2	446	277612
2	446	227609
2	446	227939
2	446	230892
2	446	259988
2	446	256163
2	446	259116
2	466	380056
2	466	379097
2	466	379298
2	471	1026295
2	471	115018
2	471	116307
2	471	115475
2	471	86794
2	471	87251
2	471	87572
2	471	58570
2	471	59027
2	471	57051
2	481	605979
2	481	606107
2	481	605480
2	481	136457
2	481	135625
2	481	135946
2	490	322625
2	490	322826
2	490	325259
2	490	217793
2	490	216577
2	490	217994
2	490	165377
2	490	164161
2	490	165578
2	491	262345
2	491	261129
2	491	262801
2	491	185737
2	491	184521
2	491	186193
2	498	37719
2	498	38167
2	498	37271
2	500	274888
2	500	198280
2	500	194965
2	500	195413
2	501	429786
2	501	430427
2	501	430493
2	508	589325
2	508	589773
2	508	591318
2	508	304787
2	508	597389
2	508	597837
2	508	599382
2	521	89430
2	521	88764
2	521	89276
2	521	117654
2	521	116988
2	521	117500
2	521	555399
2	521	555465
2	521	556886
2	521	61206
2	521	60540
2	521	61052
2	521	587273
2	521	587659
2	521	585110
2	526	908590
2	526	911031
2	526	910007
2	526	879107
2	526	880366
2	526	878965
2	527	410241
2	527	410307
2	527	411153
2	528	450626
2	528	452047
2	528	451472
2	529	780801
2	529	781187
2	529	783595
2	530	684418
2	530	683434
2	530	685104
2	530	456077
2	530	455502
2	530	454608
2	532	707624
2	532	709294
2	532	709615
2	543	44390
2	543	44902
2	543	45414
2	543	544193
2	543	543299
2	543	544643
2	544	507010
2	544	508354
2	544	506947
2	546	450497
2	546	451096
2	546	448667
2	546	535169
2	546	535768
2	546	538266
2	547	447063
2	547	444634
2	547	445218
2	570	481483
2	570	481995
2	570	482443
2	572	858438
2	572	858759
2	572	861577
2	572	644742
2	572	642443
2	572	642891
2	573	327553
2	573	328264
2	573	328776
2	573	303361
2	573	304072
2	573	304584
2	574	320199
2	574	320711
2	574	321159
2	578	749889
2	578	750723
2	578	751109
2	579	770882
2	579	771268
2	579	771716
2	581	1016194
2	581	948674
2	581	949122
2	581	951682
2	581	981378
2	581	983938
2	581	366017
2	581	362818
2	581	365393
2	581	823682
2	581	824130
2	581	823804
2	581	1473
2	581	398273
2	581	397649
2	581	398165
2	581	426497
2	581	427843
2	581	425873
2	581	34241
2	581	33729
2	581	34421
2	581	66497
2	581	65985
2	581	67459
2	582	127938
2	582	128450
2	582	127490
2	582	460610
2	582	460098
2	582	458128
2	582	95682
2	582	95234
2	582	94900
2	583	601729
2	583	601217
2	583	602355
2	583	252929
2	583	253441
2	583	252481
2	583	847994
2	583	629953
2	583	629441
2	583	630579
2	583	876218
2	584	187634
2	584	190003
2	584	190323
2	584	223154
2	584	222770
2	584	219890
2	584	578162
2	584	159410
2	584	543314
2	584	545906
2	598	418308
2	598	417759
2	598	416676
2	602	450011
2	602	448928
2	602	450355
2	629	412613
2	629	412229
2	629	412038
2	634	613012
2	634	613460
2	634	343169
2	634	343489
2	634	345491
2	634	318977
2	634	319297
2	634	321299
2	634	136858
2	635	288594
2	635	286041
2	635	287961
2	635	308754
2	635	306201
2	635	308121
2	653	435585
2	653	436033
2	653	434433
2	653	483969
2	653	484417
2	653	482817
2	653	407361
2	653	406209
2	653	404871
2	654	449222
2	654	449734
2	660	239930
2	660	241978
2	660	242174
2	660	362938
2	660	363134
2	717	723078
2	717	725450
2	717	725834
2	718	127493
2	718	128069
2	718	128589
2	718	87173
2	718	87749
2	718	85389
2	718	973700
2	718	973189
2	718	973893
2	718	953540
2	718	953029
2	718	953733
2	718	1014020
2	718	1014213
2	718	1016011
2	718	993860
2	718	994053
2	718	995851
2	718	1040203
2	718	258244
2	718	259077
2	718	256517
2	722	900609
2	722	901313
2	722	899205
2	722	271169
2	722	268609
2	722	270721
2	723	866564
2	723	866948
2	723	867718
2	723	324353
2	723	322120
2	723	322967
2	723	600452
2	723	600772
2	723	603141
2	723	160840
2	723	157960
2	723	159567
2	723	912070
2	723	915206
2	723	911637
2	723	296129
2	723	293896
2	723	294743
2	723	197128
2	723	195855
2	723	195415
2	724	374659
2	724	371350
2	724	373529
2	727	496321
2	727	497537
2	727	494486
2	727	752321
2	727	752065
2	727	753473
2	727	516481
2	727	517697
2	727	514646
2	727	776513
2	727	777665
2	727	779010
2	728	669264
2	728	668880
2	728	668266
2	728	538837
2	728	539285
2	728	540194
2	728	653136
2	728	652752
2	728	652138
2	728	616802
2	728	619882
2	728	620202
2	728	742721
2	728	742288
2	728	743056
2	729	826959
2	729	827727
2	729	826511
2	731	228103
2	731	227663
2	731	230223
2	731	46663
2	731	46223
2	731	46779
2	731	1871
2	738	147016
2	738	149201
2	738	148083
2	744	799194
2	744	798938
2	744	797274
2	744	847578
2	744	847322
2	744	847002
2	744	770970
2	744	770714
2	744	769050
2	744	887898
2	744	887642
2	744	887322
2	744	746778
2	744	746522
2	744	744858
2	746	119851
2	746	119340
2	746	283780
2	746	282249
2	746	284074
2	749	420865
2	749	423245
2	749	421159
2	749	449089
2	749	451469
2	749	449383
2	750	354821
2	750	356646
2	750	357608
2	755	259873
2	755	256930
2	755	256419
2	762	507546
2	762	509147
2	762	509531
2	770	825560
2	770	809176
2	770	809432
2	770	703425
2	770	703809
2	770	702675
2	770	789016
2	770	789272
2	770	723585
2	770	723969
2	770	723219
2	771	634130
2	771	634514
2	771	635799
2	771	658322
2	771	658706
2	771	659991
2	788	373698
2	788	373122
2	788	373788
2	788	484929
2	788	482562
2	788	481986
2	789	584513
2	789	587397
2	789	587653
2	789	183809
2	789	186298
2	789	185787
2	789	608705
2	789	611589
2	789	611845
2	790	435911
2	790	434266
2	790	435166
2	790	397978
2	790	398878
2	790	396969
2	790	508487
2	790	506842
2	790	507742
2	790	153530
2	797	543123
2	797	544023
2	797	544802
2	816	439172
2	816	437263
2	816	439951
2	820	493707
2	820	496395
2	820	494503
2	831	371728
2	831	371217
2	831	372572
2	831	542876
2	831	543261
2	831	543460
2	847	306689
2	847	308044
2	847	309004
2	848	275787
2	848	275343
2	848	273874
2	859	361793
2	859	360004
2	859	358535
2	859	422273
2	859	420484
2	859	422472
2	860	889218
2	860	890115
2	860	890373
2	860	444675
2	860	446663
2	860	447367
2	862	914305
2	862	914563
2	862	913859
2	862	692033
2	862	692548
2	862	691461
2	863	1039554
2	863	1038850
2	863	1040066
2	863	330307
2	863	332878
2	863	331498
2	863	124675
2	863	121731
2	863	120963
2	863	971010
2	863	970306
2	863	971522
2	863	81411
2	863	80643
2	863	83864
2	863	680451
2	863	679364
2	863	679045
2	865	940737
2	865	940278
2	866	237077
2	866	236838
2	866	236390
2	866	854667
2	866	854887
2	866	855605
2	866	50918
2	866	711617
2	866	711298
2	866	713547
2	867	457866
2	867	505665
2	867	502218
2	867	505433
2	867	642753
2	867	645002
2	867	644441
2	868	624280
2	868	624152
2	868	622360
2	877	400028
2	877	399580
2	877	765391
2	877	765263
2	877	764188
2	887	204561
2	887	204113
2	887	206482
2	892	727500
2	892	727885
2	892	729869
2	892	719436
2	892	719821
2	892	721805
2	892	606540
2	892	606925
2	892	606355
2	904	627073
2	904	626503
2	904	628496
2	904	190337
2	904	189889
2	904	189575
2	904	161665
2	904	161351
2	905	310534
2	905	650694
2	905	652687
2	905	282310
2	905	778958
2	905	777679
2	919	822017
