126086
126023
125212
513028
511181
840129
839745
840579
799809
799425
800259
575689
69569
68758
868802
868996
844610
844804
64725
897218
457221
973314
972932
973892
932226
932994
932612
150914
153410
152771
333121
333506
330818
308929
306626
308418
564097
566593
565761
825537
826497
826050
874881
876162
877122
576193
578689
577857
418945
418177
417281
491073
492033
492364
652673
650817
649612
709121
707265
708309
596865
598401
597196
442689
443649
440897
112449
109827
111812
269697
270657
271553
769601
771329
768789
386241
383553
384449
228739
230787
227843
740564
464139
524619
289219
291267
289673
621387
623636
347715
852891
913371
62529
63048
60488
188870
188039
188505
317894
132422
131591
132057
216257
216723
164306
1026312
1027803
1002120
1003611
985992
987483
961800
963291
911495
914899
1005817
889307
887394
888375
915591
916572
915965
677703
674396
676221
178474
180023
179960
533270
530615
533111
795605
793142
794998
583457
581473
580578
855457
855074
854310
1031
489
67085
67022
66895
340418
341058
340867
370305
369089
370178
696577
695937
697793
411201
410625
409409
813505
814721
813957
568449
567873
570945
163777
163650
164908
511297
510657
513220
710788
713156
714475
475009
474369
476932
670468
672836
673387
789764
792363
791083
398401
397761
395883
159617
160875
161451
468867
468478
424106
424363
149651
152810
153386
590631
591272
589435
742695
741927
739815
29594
29733
977793
977985
977474
1001985
1002177
1001666
945537
944257
945729
904897
904270
903572
230785
228948
228374
267073
265236
267669
824257
822145
823630
772673
775873
773761
916993
916366
915668
639617
640705
640398
303361
301524
303957
186819
186958
188628
680717
678099
681811
884109
883411
884691
317651
320084
319638
751053
749261
750355
86155
87825
87251
843078
844358
843976
730182
727944
730440
95878
95304
94377
561089
560642
559362
799618
798978
797346
880258
879618
881441
200130
199203
199030
357761
355906
356815
556609
555329
555969
529350
529632
526496
444609
445518
445856
489030
485838
489312
654342
654624
656224
162913
162277
162740
857247
857823
854817
816927
813472
814497
328589
328927
328698
590106
591706
590874
385362
386130
386387
1014163
928258
928002
929107
965395
965779
608065
604801
605569
407233
406529
405275
709633
708865
710529
455617
454913
456385
657217
656449
653953
775889
774929
101764
102227
102999
726545
723609
517977
832337
831377
832721
816209
815249
816593
469786
566361
61903
62675
63060
90884
91269
91799
139649
140179
139354
164370
163545
165594
387352
195783
197832
196232
143809
144962
273985
173185
965314
929026
928195
927949
791938
790722
791107
266817
265931
266763
109825
108865
110411
593091
592588
593357
62026
62736
63198
302218
303050
303884
879809
879563
878737
1546
803201
802955
802129
827146
826320
827603
539208
540169
540938
447425
448194
444994
99014
99476
100117
247426
244166
247111
299842
299527
300948
508673
509124
509574
810182
811465
810761
557507
557957
558725
351941
354056
353362
586178
586946
585474
143822
144463
143823
613889
614658
612676
333197
332622
329934
662273
663042
664008
569537
570306
567747
759043
758339
756744
582401
579842
580419
631750
629062
632139
467521
467781
466250
837770
838474
837899
793029
793418
794122
504068
502537
501962
692613
693317
692742
518661
521515
519726
172673
172033
171692
716929
716289
718438
421313
422953
761281
760641
762790
386664
212011
213118
726501
725797
723109
171691
172798
685477
682789
683493
818179
773827
772419
772282
600323
603075
602938
648835
647427
647290
489272
752119
751992
663415
662648
663288
148563
148899
217424
218707
216623
238851
236767
236385
320284
650497
651137
650470
602085
642405
644470
183938
184488
185065
367145
367421
367934
160294
160871
161511
969064
936808
598503
596520
193089
193729
192323
228610
227466
227664
730049
727510
727480
268930
270612
271125
791637
791288
791097
178946
179080
178380
98438
97738
98636
105796
106694
104843
62338
60487
63303
116933
119749
118821
287233
285057
284901
321059
1888
179296
180068
626658
626019
625125
859811
859620
859492
498465
501665
501026
119556
118331
120379
418243
418819
419459
621953
621059
621638
835393
835265
834562
580098
580738
581317
166711
168759
167611
822465
823041
822148
814401
814977
814084
448259
445370
484547
485237
481658
524867
525557
769731
771039
770805
806019
807327
807093
750876
750642
751029
561842
831254
833113
831641
600291
603881
603498
86916
87494
84678
215940
216518
217613
816963
815491
815939
958615
959511
934423
935319
1023127
1024023
978775
979671
838332
869911
866556
898135
809510
809127
810108
143938
145033
142674
370824
371100
371869
181319
178960
181595
1552
1957
57
250132
249492
250901
99852
99411
98709
267009
267649
265153
226689
224833
224392
316746
315741
314973
357066
356061
355293
196167
195465
195805
482057
484572
483100
712321
711555
712195
167234
167574
169814
687362
688002
687811
123220
120980
122718
639425
640723
637779
400403
399635
402451
679745
681043
678099
668946
666002
666770
749012
748577
750894
559521
563105
561711
335684
335813
337761
142858
142616
287300
287429
466785
1738
1496
46
611924
611489
610095
420356
420485
422433
323713
325566
333724
333629
110350
108900
111224
712269
714586
710875
92758
95082
95786
981843
981140
981611
973779
973076
973547
1002003
1001771
961683
960980
960679
454561
453544
455535
682638
682894
685390
831937
830529
830914
904513
903490
904212
1050
1634
1971
594561
594770
592609
610689
610898
608737
859137
859859
860631
770433
768146
771155
635089
635360
634615
795346
796118
796537
647439
646694
645864
146182
146766
149134
445447
447438
447192
840452
840871
839858
191118
193486
191455
889251
888238
887023
66120
66457
65754
382673
382353
380921
507658
507338
509591
102737
102034
100837
662807
661977
663588
252978
255922
253555
493453
492623
492250
472463
472090
472539
122177
120980
121943
76627
77590
79584
613570
613197
615181
912395
913747
914836
560779
562763
561228
537025
534929
536209
846657
846209
849224
665217
664769
662017
768782
771365
771324
963
13
1581
740558
743141
743100
567182
564432
565925
60490
62058
934977
932638
934498
1003041
1004065
188993
189344
187040
377667
378673
376182
1568
225631
226997
224373
686871
688303
686645
431766
431086
428595
513493
512406
511726
605121
607640
604441
853828
851927
535896
537437
536286
968851
247126
244502
243885
99350
98028
98733
694662
695900
695648
493061
489734
491910
332481
332824
333606
162518
163223
163866
588673
588610
591062
377175
378276
377957
516033
514263
515364
510230
511331
511012
78529
79172
79589
667396
668582
667687
123523
124323
123940
398413
398094
395811
164640
164257
162793
652450
651555
649892
466625
465431
468441
444566
445270
448280
212609
214337
214722
186952
187362
186728
299393
300097
299936
724097
726146
726658
324127
322556
321788
368479
366908
1479
842
1889
887425
887937
888207
665985
666574
667023
799502
800541
561741
562190
560156
831758
832797
93571
94618
93984
54295
53661
53411
598465
596431
848911
354781
118150
117900
118420
77574
78094
78932
61960
62798
60513
95046
95943
92761
149121
148353
146644
254452
252661
255542
203091
203546
206068
1473
1928
26
94663
92761
95394
120978
123611
121903
925
1955
280833
283714
284442
166228
167258
167650
693380
690820
691409
352984
351463
533569
532993
534158
854657
856577
857363
766482
765010
767378
602701
600530
603730
889618
890002
887442
566413
564242
565650
640005
638213
639321
58374
58766
58223
498114
501085
501406
703828
702685
703006
590932
589789
590110
395791
123272
124493
122729
148677
146913
147107
226433
223516
223710
298215
658313
658634
658389
586049
585804
585165
605963
605324
605490
589185
589351
589480
549030
549159
548536
110786
110349
110101
124810
122443
122195
245474
93960
93149
92769
77013
76633
79670
557185
556562
555411
741031
741543
740393
564625
563474
565650
24196
26162
224797
226653
226013
1966
523137
525313
523586
451009
449237
451096
588097
591191
588184
477460
479319
479653
192577
192066
192008
312129
309505
311209
271809
269185
268674
366403
363624
365554
716162
717778
715924
748418
750034
748180
196097
196039
195472
163782
163215
164712
677456
675602
887120
889362
483662
482479
159177
160674
158248
124377
121951
122673
502625
776386
301761
305034
302170
215384
216025
217497
62162
62803
60534
427238
426492
424572
107137
107778
104868
148097
147756
148532
242369
240833
240492
284843
287467
285619
188075
188851
188468
503062
502056
29
1263
53
164616
164233
163796
453650
453395
454954
329928
332690
332435
212609
212172
211431
187979
186717
187238
388865
390424
387500
374295
371371
374653
1234
24
1755
158482
159003
158116
76614
78345
77458
854721
857026
641729
644417
643686
809729
810369
812674
688769
689409
688038
597377
596390
599334
472385
471398
472039
516737
515750
516391
556069
559013
556710
728357
768677
1731
844
1553
109705
110414
108894
53957
52437
53462
96784
97809
98644
282139
283677
281054
1025
1860
15
66371
66829
67342
492161
490827
490511
531146
530830
119242
119755
116939
248258
251394
248771
147969
148546
147779
446148
444948
349380
348180
347580
180801
180034
179141
1733
17
216321
215428
218554
167043
168825
169787
424784
424184
108876
112374
52
347560
347178
888745
306818
306080
222146
221408
220075
281886
590849
590960
655471
28
232139
231594
1764
881241
882099
881587
434044
146911
147707
147006
659512
659064
918362
917850
915610
111388
108894
110687
971531
970316
969880
939275
938060
937624
796504
796248
794666
829196
828760
828504
1018689
1018253
1017997
159043
157959
158537
941644
941388
941023
422467
423300
421316
1793
709
1287
113604
114182
114261
658267
659611
657627
459585
457601
457095
628929
630043
631387
513114
511834
512474
384518
384200
386842
45634
45713
45012
81999
81298
82398
351938
350797
353173
911570
912787
912211
895442
896659
896083
330635
333011
333587
256735
257120
258466
85315
86415
87391
42060
42591
42081
795841
795265
793154
872217
873527
583489
582681
583193
498305
498881
499099
668161
668737
667353
539201
542361
539419
834049
835929
837239
410394
409711
409330
699608
700120
735896
736408
739160
446682
448346
445999
111568
111953
111123
1002527
172417
173763
171587
197954
195778
195268
645890
678146
681776
857374
855152
458069
457688
284312
282407
281278
142850
145319
143154
566909
110896
111030
108919
413315
412265
413485
387215
388070
389290
937199
937391
265111
267095
265624
793618
792924
796061
127110
128012
128525
136070
136583
135570
1319
1706
819
666690
668611
667917
193025
192012
192206
318017
320708
319461
608129
607435
605260
224267
224461
223460
728394
728843
730916
399177
396065
398501
159938
158550
158937
684481
683170
683938
543644
543009
546081
885270
884121
884774
897366
896217
896870
515420
514785
517857
711393
712161
712678
170644
171031
171995
82307
83271
81420
916355
917008
916574
107460
105609
104841
317193
316490
315723
842381
844429
843995
470405
469702
472010
166085
167558
169482
429377
428610
431685
50625
50501
50254
1870
1745
1662
627973
625221
625746
676357
677061
674130
145284
143236
142989
384257
383172
383646
334787
335261
334685
708150
708918
708470
266714
266138
267867
533005
532921
134921
134796
137114
755278
752502
753270
884302
884599
118659
118576
118971
110509
110904
567017
565164
856361
857978
857338
296065
295710
294303
259777
259422
258015
368285
366878
368233
673987
674394
677018
725402
723355
726555
694554
697178
695131
874065
873425
870553
342657
344012
343256
102795
103384
102628
557463
556695
556120
255307
254551
252568
127565
126809
126835
339212
341773
340019
973769
973129
932169
933449
932809
1022153
580289
582209
582786
750721
750081
751361
291623
291304
288944
531905
533825
531265
493945
494458
619073
619065
619641
824825
824249
823801
905465
904889
904441
163084
163110
162600
780921
783929
783481
452902
453625
454138
865145
864569
864121
655352
655928
114714
114204
115555
339649
338890
338703
114178
115529
112906
318729
318542
320530
83271
80648
83080
167745
169537
169350
1388
157253
157198
156452
270149
272137
270094
257993
258526
257247
385537
386508
383514
916361
918689
917921
652360
649392
651764
688648
688052
880073
882401
881633
851849
853409
418763
419567
416307
254485
253206
253462
722817
720300
845336
480036
478256
285441
285697
285270
202952
203657
204629
219785
220757
220630
86721
87693
87566
132044
131917
131599
526604
526964
192385
192067
192644
184002
184579
183626
164417
163464
162968
681519
320968
317743
321328
199751
199255
198949
138768
137873
138462
414056
412788
105601
104838
104839
48389
48390
49741
1
1352
1112
1351
1111
1886
87882
85776
86551
203469
205974
203805
432908
434337
435305
70407
70743
70819
351113
350613
353685
119120
119196
119837
278028
277076
279829
140933
139340
139981
244167
244808
247561
443336
441097
440463
144001
143938
142862
184257
183181
183519
502454
504055
503351
359814
359948
361333
179148
179486
178725
916148
916724
915637
319622
321007
321272
110930
110169
111161
329065
329330
328441
130311
131303
130681
82912
82290
83384
825537
826241
826881
415297
414593
413961
862529
863169
863873
707459
707751
751811
755552
752103
517955
514760
515924
470408
469519
471572
610691
608660
609237
562307
560276
560853
796372
795872
841228
841548
840724
633426
635172
429191
431244
431821
937480
939476
938708
957640
959636
958868
371736
372377
372895
142738
144597
143832
906444
906764
905740
504385
501914
502443
542418
542077
104259
103494
100821
222531
220419
221970
307841
308359
306639
173583
171727
170422
650923
348678
346958
349207
379208
381457
1063
150247
