22345
21904
46537
46858
46096
803014
801799
801095
507140
508230
508934
459842
460546
460226
813889
813185
813377
139585
140866
140738
526722
161025
160897
158982
420033
420993
242625
243585
240973
234561
231557
232909
301452
111944
670465
672898
672578
151174
152588
152982
359234
361730
360898
403586
406082
406850
569665
568130
569986
774977
773698
773378
826113
828737
825793
588289
590145
587906
744011
283204
281610
283403
442753
443522
440452
723851
491137
491906
390337
388036
388235
608834
610955
467713
317894
319687
318288
128390
128784
128088
218881
217482
216786
330377
331239
240968
242526
198166
296433
295538
293309
388225
391063
390526
958977
956801
957505
60933
783425
784129
782210
807617
808321
806402
991683
992003
850753
850051
850307
895105
898947
895876
609537
611266
610882
512769
513220
513796
540993
542338
541444
772546
773250
773442
524865
526210
525316
562881
562497
561603
672129
670466
671042
647937
646274
646850
718465
716481
715394
730561
728577
727490
746689
744705
743618
694657
695233
695809
588067
475057
228565
228578
272917
272930
176141
177660
177647
175991
175864
466291
465525
467063
271366
271943
268680
420545
421122
422660
336449
336771
335341
374274
373058
374147
163713
165484
164332
470913
470634
471210
394305
391786
394026
157419
156267
156907
462569
463145
462013
1010241
1011522
1010882
856321
857665
854914
807937
806530
807362
918785
916801
918145
820033
818626
819458
999809
871041
871873
959489
956545
299329
298497
297345
440449
441812
441109
478100
477397
478903
320851
320148
317652
264577
267732
265236
192001
190926
192660
232321
232980
232341
158669
160403
159764
89094
91846
91207
404801
406307
405628
361954
361275
361147
200065
200130
199947
159809
159626
163657
453977
453849
455899
866761
866441
867209
878857
879305
826441
826121
825737
838537
838217
837833
911561
411522
409858
409218
401794
401154
633281
633489
661713
609089
609297
532688
427856
383320
193799
193416
274049
837767
839564
841236
821639
823436
825108
875852
877524
877844
887948
889620
889940
855692
857364
857684
113987
116304
115153
274945
274059
275724
306314
307979
308750
628097
625806
625294
718597
717965
716047
70798
71260
833160
830856
831566
441025
441796
441540
251521
250565
249349
357123
356867
357443
406721
403777
404354
939585
939265
936390
568001
569601
570882
959745
959425
956550
979905
979585
977846
390593
387649
388226
788610
791238
789003
535745
537345
537858
426881
424514
425219
1018165
481666
483077
483781
295489
296194
293007
215937
218881
216399
587009
586241
586499
143822
667138
668041
668558
618754
616836
619657
332481
332198
378243
376549
378614
632962
635783
636300
465250
467315
511667
833866
834672
836720
692741
693547
694187
725798
726438
354486
354615
775812
904836
906275
906789
816132
489335
485943
882079
882593
1031234
1031748
971266
233601
232800
240863
646630
648567
606310
604539
388878
387383
390843
371241
374701
372029
189096
188520
189801
811346
809826
811832
612241
608533
610598
829968
831974
832370
230081
228482
227971
193793
192194
191683
731541
731511
733560
272833
275220
275861
171521
170315
170214
138058
137957
138994
493812
494453
494966
61339
62376
63149
859
1896
1202
324225
324452
325093
626658
625189
364771
365412
365925
861772
862092
860556
1018625
1019714
1020226
962177
963266
963778
982337
983426
983938
885569
886658
883608
939073
939585
54285
55058
53591
119557
118090
117974
621123
754562
753922
377473
377986
378562
418305
419521
418881
166469
166353
73612
72626
64550
65021
471
30497
678476
679372
678093
389697
389889
390794
144481
144289
145253
427081
427466
424417
439177
439562
440203
497025
496001
496642
895937
896344
897048
585345
586369
584087
520833
521857
519575
825988
827799
828503
641793
642817
644548
559894
563118
560244
628419
627630
625268
739091
738397
739229
322628
324489
323978
213764
213066
212402
851274
852106
851468
201668
200970
200306
895626
896458
895820
477705
478429
479582
264005
263494
261446
64537
67246
65137
380417
381652
382805
807106
805006
349395
350036
349160
216424
859522
861771
963649
963329
683102
683121
682866
427137
426625
427649
600
498324
501656
501675
466068
467439
468721
530580
533912
533931
410971
410080
409122
172832
173171
174004
622611
622356
623960
622337
623941
623237
604483
607812
607108
496898
494725
493767
708438
709655
710039
662209
664086
665303
579413
575782
576362
437314
437721
438691
222547
221523
222356
375761
375570
377239
697537
697921
697025
855745
855173
857831
775105
774533
772714
799297
798725
796906
307009
305541
308678
742849
742277
740458
242497
241029
240789
835012
833834
836665
293444
296581
293204
200464
201077
201526
796901
797285
797542
402378
402058
402958
463428
464218
463898
443268
444058
443738
500502
500182
501528
184933
185382
184486
50533
49583
48432
966792
965651
680577
678914
681425
652353
650690
653201
704769
703106
705617
549890
529730
526617
719233
721744
973707
384129
384705
385482
326465
329033
326355
221633
220737
219843
901367
362753
365321
362643
773494
248066
248712
249746
191618
192264
190668
135814
134218
136848
414830
412014
412974
174532
177162
177099
72577
72777
75498
200
123
241601
240804
242660
236771
238627
237731
12211
13175
12152
543368
544393
545418
482888
483913
484938
913097
911754
911946
183877
183816
184906
301834
304270
302287
567560
568585
569610
730314
730506
729534
365960
364750
362767
608905
609930
244357
244296
245386
155587
156677
157130
455681
453446
152642
153095
150222
891585
891777
521217
806132
221637
219662
222126
818228
375338
250345
248169
249006
5060
4037
5958
64513
66434
64788
1921
275
796
121234
121755
123168
16905
18318
17265
50565
49512
48443
277189
278109
280478
140101
141021
138211
193432
190622
752728
754520
755224
249064
248629
691713
691202
690901
401447
403189
808193
807937
852545
852289
824321
824065
658945
658644
658005
626387
625748
626074
68563
71215
69044
605569
605895
605726
565574
565405
564447
481
1131
585559
584601
584921
196173
198371
198179
403150
399971
399779
572482
572802
573378
166415
169495
168091
511577
513242
531737
533402
571221
568025
569690
29322
28583
28267
1011201
1010817
1019265
1018881
942657
942273
940363
962817
962433
71308
68893
68577
952458
306561
307076
308037
294465
294980
295941
318657
319172
320133
688517
689477
686597
266755
267716
264836
481409
484993
481418
299969
297089
298049
829633
830593
830474
713545
711547
360457
358937
361274
774025
589562
588603
590587
176792
177497
175419
239497
237272
237977
358928
361265
361778
20164
22186
20342
178
217793
215715
216104
260455
261671
410113
411137
410310
568385
570369
568837
443844
442565
440702
127365
128581
125132
508356
507077
633348
535297
151241
149784
150106
452793
227849
228008
228404
10114
8657
8979
129615
129937
131231
37186
38480
36965
58638
59034
57123
139660
140492
137749
161929
163306
164076
218885
215722
216492
333005
42337
40363
42685
410777
408882
408050
594115
592197
593157
573955
572037
572997
642499
641541
643397
904450
905410
905090
604290
605250
607106
127746
128025
128858
481433
482074
482266
857799
855192
855768
543770
544283
545499
664154
663898
664730
918279
918983
915672
898119
898823
895512
176407
177240
175706
965331
213
809
297
797186
796930
797762
193345
194305
191811
834050
833858
836290
361089
361281
362305
244226
244231
245320
308673
308865
305800
702081
698689
698946
685953
682561
682818
738369
736952
738744
403137
401992
400403
415233
414088
412499
726273
723138
724856
479745
480961
478600
879489
879864
513473
510855
512748
147461
148550
145943
805495
807287
590081
589356
589164
605483
605291
607926
12884
12372
12381
148545
145938
147762
217995
218956
216305
436683
440165
439973
275393
272742
276264
337126
337318
336743
48649
50976
16393
16764
558492
557791
556923
542924
546396
545695
164239
165200
163433
712975
714064
713104
825871
828752
826960
413313
412047
413071
425409
424143
425167
387854
388878
388111
189377
190273
187610
730177
729217
727810
251009
248089
248574
307457
308417
913025
912321
912516
800129
799425
797955
371969
372929
374263
735873
738945
737475
325430
648770
646467
645599
888323
887875
890679
842306
843971
843523
386358
385910
386807
751233
750785
748062
601244
602909
601907
855796
855290
854780
827572
827066
826556
38404
37302
38263
135653
134066
135027
546433
543575
545431
650262
650006
652055
467393
467713
467201
584321
584641
584129
568193
568513
568001
439169
439489
438977
494586
514746
482490
481466
1003777
835078
834568
833904
702022
701512
699630
635118
636336
618990
620208
162253
163214
165469
802306
801642
803251
768166
769384
770993
62401
62673
60501
123152
120980
124118
295564
294478
294671
334786
334979
335428
266433
266882
265223
140230
140525
141038
278977
277318
279252
305541
307475
309077
492
202638
200999
201512
648386
648094
648740
726601
724700
725346
325186
324162
324563
827905
825491
826137
858392
859160
860696
425361
425175
424792
360849
360663
358744
384838
384455
383687
705158
705926
703262
217601
218369
216854
370817
372353
371585
743576
746008
794392
249109
251672
251111
891160
894441
894185
349014
348695
348440
297493
300630
300311
1023452
1023196
1022812
401089
400834
400273
380673
380112
363983
