21122
22147
21969
306306
305475
307911
619791
620241
619345
62465
62287
128065
126798
249025
251461
251597
810689
812609
810311
195341
790150
789132
789582
911648
912737
912353
352392
353105
352490
764934
765384
764488
700866
699970
699338
361161
360546
727560
730194
730899
671112
407239
404889
628998
799809
799425
800453
868996
844804
150914
153410
152771
337153
337474
334850
385537
386690
385858
365377
365698
363074
565697
564097
566593
773185
772225
773634
670529
672385
671425
877762
876162
877186
825601
826050
827778
418945
418113
418498
592769
594369
593164
713153
711297
712341
491073
491969
490049
112449
109827
110916
438657
439553
437633
652673
650817
649612
269697
270657
271108
230787
227843
228362
740564
464139
953691
953756
520587
291267
291467
289308
621387
623636
852891
852956
917403
917468
396099
396299
62529
63048
319688
131591
132057
164306
909377
1030344
1031835
981960
983451
965832
967323
388700
914899
1005817
889307
890016
887394
176205
174323
174455
918213
915591
916572
960919
638038
639927
637943
178342
178474
180085
795605
793142
793399
579425
577441
576546
855074
854310
899
1031
489
57476
59087
59025
67147
67085
67022
167874
167811
167684
370305
370178
369026
696577
695937
697793
411201
410625
410498
568449
567873
570945
163777
163650
164844
511297
510145
511937
710788
713156
714475
475009
473857
475649
670468
672836
673387
789764
792427
791083
159617
160811
160235
468867
468478
391850
392107
509187
508798
149651
152746
152170
590631
591272
589435
742695
741927
739815
29594
29733
977857
977474
977366
945601
944257
945218
908929
907604
908821
226753
224342
226903
822145
824257
821838
303361
303957
303511
772673
773761
775873
186819
186958
188054
267073
267669
264662
639617
640705
640398
680717
678099
681811
320084
319638
320547
749261
750355
748117
883411
884628
884309
86155
87251
86324
730182
727944
727208
95304
94377
93741
561089
560642
559362
799937
799618
797346
357761
355906
356815
876225
877408
878048
556609
555329
558593
527809
529350
529632
444609
447169
445518
654342
654624
656224
487489
489030
485838
162913
162277
162740
857247
857887
854817
328589
328927
328698
493061
489869
493343
590106
591706
590874
385362
386130
386387
1014163
928002
928258
929107
969427
969811
608065
604801
605569
407233
406529
405275
455617
454913
456385
709633
708865
710273
657217
656449
653953
775889
101764
102227
102999
723609
816209
816593
517977
832337
832721
469786
566361
61903
62675
63124
90884
91333
91799
139713
140179
139354
168402
167577
169626
387352
195783
197832
196232
143809
144962
273985
173185
977410
978730
1010986
929026
928195
927949
1035178
791938
790722
791107
266817
266763
265996
109825
108865
110411
593091
593357
593808
62026
62800
62737
1546
879809
878850
879563
303050
302283
303884
803201
802242
802955
826433
827146
826320
539208
540938
541389
766665
764367
765839
448194
444994
444679
99078
99015
99016
298241
299842
299527
810182
811465
810761
251457
248261
251142
557507
557957
558725
351941
354056
353362
586178
586946
585474
147393
147394
148495
613889
614658
612740
333197
332622
329934
662273
663042
664008
569537
570306
567747
759043
758339
756744
143361
144462
143822
144461
143821
582401
579842
580483
628866
631750
632139
467585
466250
465675
838790
837770
838474
793029
794438
793418
506569
505994
509423
693633
692613
693317
781316
782020
782954
718438
717734
715046
421313
422953
762790
762086
760102
386664
213118
172798
961692
962727
818179
820730
773827
772419
772282
600323
603075
602938
648835
647427
647290
906251
905402
489272
752119
751992
752381
663415
662648
663288
969903
217424
216623
216241
236767
236385
650497
651137
651526
914341
913765
911544
603141
602085
601080
643461
642405
644470
666592
668657
669618
183938
184488
185065
369922
367145
367421
451881
449981
451390
160294
160871
161511
969940
969064
970731
933652
932776
934443
597011
599270
598503
193089
193729
192323
228610
227466
227664
730049
728277
727510
268930
270612
271125
788756
791637
533972
530580
531989
916628
918295
918487
178946
178947
179080
98305
98438
97738
98437
97737
98635
105796
106694
104843
62338
60487
63303
116933
119749
287233
285057
288642
320897
675073
861827
862019
411009
37505
38146
36296
78465
79237
76615
120195
119556
116934
313730
316995
314372
208257
209538
209081
622017
621123
621702
706689
710530
709571
169217
166289
168760
584834
584194
585413
418306
419522
418882
830529
831169
829700
249399
248251
251772
452355
450234
449339
528963
529590
526842
488643
489270
486522
769219
771040
770742
809539
811360
811062
975
1398
565875
718621
715059
718323
61863
62763
63404
831190
832470
833112
603589
603168
600290
812930
811394
809861
893570
892034
893126
215940
216581
218316
86916
87557
86974
1022148
1023965
1022186
933444
935261
933482
834051
836676
833702
425089
424285
426910
144001
145244
143418
736219
736931
736549
367495
367003
367836
695899
696611
696229
186055
185563
185977
907033
905254
903609
294420
295253
296607
1018125
1019323
1019707
262977
262558
260318
668360
667978
667275
316746
314973
315742
482057
484636
482791
712322
711619
713367
687425
686228
689173
399635
400404
402142
641875
644820
642644
903571
903763
904979
287489
142084
142617
566017
563403
563553
337610
337760
337184
753044
753236
755227
797396
797588
799579
809492
809684
812955
615956
616148
615840
890267
890651
890011
61973
62910
446614
446038
448343
714567
712588
712205
726663
724684
724301
95145
93808
94769
977488
977171
977811
1001680
1002003
1002046
961360
961043
961683
933136
932819
933459
1022163
1022206
852496
852179
852819
832336
832019
832659
456385
453545
455535
704129
702734
704782
417257
419247
418301
678541
680589
681357
565645
565966
566496
884419
885059
882947
590145
590675
591443
863233
863891
864939
903553
904211
905259
722113
719169
719699
770497
771155
768851
750337
747923
750995
799378
797074
800426
610834
611602
611168
150215
151176
150798
643406
642726
644327
840728
837863
840424
691790
691110
692711
66497
66119
66520
381972
381591
380857
126598
128902
126999
662872
664473
663908
506958
506577
509656
102801
103125
101865
247953
248277
249778
904912
905699
906915
446083
448343
447895
423700
421154
422693
127300
126040
128801
146196
148957
148062
620097
619532
617677
720331
721676
721420
882955
885523
886611
682177
685377
685121
563793
564262
564774
769550
768910
771302
753422
752782
755174
535569
534865
536038
64521
67402
66090
932574
935585
934498
1012193
1011106
1004129
1003042
240769
242336
241697
1569
54
739032
735576
738072
185887
185248
183008
695256
697752
695064
374275
373571
371359
471509
472021
471406
427157
427669
427054
849796
847965
846520
499609
501150
499999
531865
533406
532255
626142
624991
627380
787485
784628
786040
612505
614046
612895
771357
768500
768247
1039297
968921
281985
280854
283414
240533
243093
239852
99413
96789
97963
489669
493061
491910
166486
167255
167835
332417
333186
332889
850523
850109
850749
1174
1943
373505
374358
373208
588673
591062
588054
515477
514327
515032
422741
421591
422296
74497
75077
75429
667395
669060
666247
123460
124388
123812
473986
474691
474307
402113
401729
402381
446732
446477
446226
652929
650116
652194
422540
422285
422034
757025
757346
757986
160672
161696
160096
575752
579040
577313
462593
462342
461463
446213
445334
448280
428304
429201
428527
218625
216769
216194
283137
281281
284034
180481
179906
178566
316289
315615
314428
708929
709569
708034
196033
194693
195087
372062
370875
371643
728193
730178
730690
158404
158090
158798
771905
768513
770498
887425
887937
889245
670017
670669
671055
800540
561804
562190
560220
832796
73414
74122
74585
53956
54419
52435
602498
600528
98767
96783
98643
126852
125968
126488
1860
976
1496
326493
327261
325854
498471
117900
118420
119258
61960
62798
60494
95046
92742
96007
249217
249985
250485
148417
149185
147894
297601
298369
300874
45
210164
208373
258548
256757
259574
419051
416813
419632
925
1955
496773
496197
497350
284929
287746
288410
170260
171290
173019
352920
350426
351527
569921
570574
568275
852545
850625
851342
690881
693377
691534
533633
534286
531987
606861
604562
606893
887629
889553
889937
764109
766669
766417
648646
647200
648929
812932
810756
809926
58374
58702
56492
1023873
1023400
1023209
935169
932994
931998
959361
957186
958888
793794
795906
794077
498050
498518
501469
1015335
1015144
739930
741659
741916
874715
874972
875548
391823
393684
124609
123208
123918
232071
234573
232781
144070
144582
143074
304965
302247
187420
189351
187047
219676
221607
219303
423595
648897
646594
646531
758017
758593
757492
773619
809907
610241
610060
609060
606027
605027
605554
982849
1924
1551
1239
592920
593447
594553
124811
122507
122195
246114
97992
97929
97181
77761
77013
76633
528911
530017
527202
72980
72600
75702
562258
559443
561555
735634
736614
737064
24196
24241
26163
45
1967
265181
267037
266333
630081
631764
632214
449301
451096
451877
587411
584152
584933
692674
693250
693588
196033
195473
198313
316225
315241
313962
268609
271873
270889
159184
160745
158255
721810
720020
370435
367656
369649
758098
756308
484109
482542
1922
993
1955
124441
121951
122913
530913
776450
301825
302170
301402
219656
219352
221529
62402
62098
62803
431271
122576
124753
123281
103105
103809
100801
240492
241268
240756
146846
147756
148532
191198
192108
192884
1694
34
888
104836
107406
108182
854
29
1264
164616
164104
162124
793634
795618
794914
211253
214070
178654
178997
181814
52423
53658
52448
378327
375340
1235
25
1578
76614
78167
76646
644417
642369
641794
471681
472450
471975
729793
728358
728870
597441
599334
596966
856897
854785
857042
512769
512294
511910
977857
978002
978854
812545
810433
812690
909457
910309
563045
560677
560293
772709
773221
1553
32
1057
918356
919480
96783
97808
97809
278107
279644
279709
1025
1026
16
65537
66830
67343
66829
67342
64526
528513
527050
526799
504321
502858
502607
971876
535113
534862
251393
248258
251458
348225
346498
349381
440961
442117
441669
148481
147969
148929
350529
353412
352964
211907
211396
214459
179651
179140
182203
1732
240131
243409
243282
424846
424719
424120
142849
144251
396622
396495
395896
111994
352129
351530
351212
343465
343147
344958
302786
301443
304597
281281
284435
281886
197213
195880
397909
232139
70337
68547
71431
112898
115782
115079
299715
297222
300807
633740
633017
345156
345796
344326
183617
185863
184905
140552
139694
412866
414342
414664
453186
456326
454662
359236
361924
362246
281666
280808
284269
559810
559596
560429
454978
454249
454764
220326
222963
474407
474922
475755
832728
832536
830954
164408
426499
427332
425348
459585
457601
457095
512474
513114
511834
384518
384200
386842
351938
353173
353749
907538
908755
908179
895442
896659
896083
333011
333587
795841
795265
793730
539201
542361
539419
872217
873527
583489
582681
583193
834049
835929
837239
668737
668161
667353
498305
498881
499099
410394
735896
736408
739160
699608
700120
446682
448346
1002527
645890
678146
681776
857374
855152
198451
458425
566909
937199
937391
793618
792924
796061
313224
309453
311501
432453
433609
435922
666690
668611
667917
193025
192012
192206
322049
324740
323493
608129
607435
605260
224267
224461
226724
728394
728843
730916
396065
398501
397866
684481
683171
683939
159938
158550
159901
543644
543009
546082
885270
884121
884774
897366
896217
896870
711394
712162
712678
170644
171995
173541
83271
916355
917008
916574
317193
316490
315723
844429
843995
470405
469702
472010
169482
169380
429377
428610
428483
384257
384130
383172
627972
625220
627333
676356
675717
674129
335745
334787
336131
326722
328066
327196
707969
708150
708918
266714
266138
267291
533005
531982
532921
884302
884599
351386
350810
351963
666060
667829
668597
564225
567017
565164
500651
856361
857978
857402
295489
295710
294303
259201
259422
258015
331997
330590
331422
673987
674394
677018
725402
723355
726555
694554
697178
695131
874065
873489
870553
342657
343489
344012
557463
556120
558040
103384
102628
102654
255307
254551
252568
307723
306967
307774
339212
341773
340019
1022153
973769
973129
936201
937481
936841
580289
582209
582786
750721
750081
751361
291623
291304
288944
496074
493945
494458
619073
617034
619065
824825
824249
905465
904889
163084
163110
162600
783929
455754
452902
453625
865145
864569
655352
522672
523643
114714
114204
115555
339649
338954
338635
114178
115529
112906
318793
318474
320530
83271
80648
83080
167745
169601
169282
157185
157198
156452
274113
276169
274126
253965
254498
253219
385537
386508
383514
916361
918242
918050
649392
651379
649459
880073
881954
881762
418763
416673
419567
254485
253206
253462
845657
845465
480036
479653
479782
285441
285697
287624
203657
204629
204502
223111
219785
220757
343698
345178
132044
131917
131599
528001
528130
528451
192385
192067
192644
184002
184579
183626
503937
504258
502411
512321
510474
510834
164417
163464
162968
655745
657328
530633
530993
320968
317743
320367
681519
199751
199255
198949
138768
137873
138462
413095
414056
412788
105601
104839
106190
48390
49741
49501
1351
1111
1886
87882
85776
86551
203469
205974
205474
373697
372429
371286
432908
434337
433633
70407
70819
71460
351113
353685
350613
119196
119837
119774
278028
280396
277076
443336
441097
440527
244167
244808
247561
398984
396745
396175
144001
143938
144003
184257
184322
183181
502454
503351
505527
359878
359948
361333
180289
179148
179486
916724
915637
916341
183179
183517
183458
323654
325039
325304
110930
110871
110169
329065
329330
131013
130311
131303
126274
127266
126644
82912
82290
83384
862529
863169
863873
414593
415297
413961
707459
751811
755488
470408
471572
472149
610691
608660
609237
796372
795808
517955
514760
515924
562307
560276
560853
841548
840724
841184
633426
431244
431821
428191
957640
959636
958868
142738
144597
143832
906444
906764
905676
504385
501914
502443
542077
104259
103494
100821
222531
220419
221970
307841
308359
306639
173583
171727
170422
348678
346958
349207
379208
381457
1063
1962
1722
268919
150247
151146
151991
627308
626095
628030
66435
67280
66195
123725
122640
124759
175043
177162
175082
106535
105854
242081
242536
662339
665348
664274
441555
442025
587663
584190
777166
776510
707952
387207
387662
389590
105815
107753
266695
265000
296840
293217
418840
418201
416381
63378
61736
61996
482689
484952
481445
440548
441124
441829
182678
182938
184035
663958
664855
662359
689025
686529
689345
882881
883457
885798
78084
79181
76622
743687
745431
747174
586439
585176
586214
765591
767334
764412
801879
803622
95305
92746
95882
632528
629521
630559
165697
164417
164674
1671
1936
1013
284545
281601
281178
324865
321921
325454
200961
199239
199504
361153
361742
362224
406093
406575
215366
215631
216665
106761
107795
107305
743119
740197
742394
547203
549902
549199
442850
443831
123914
123424
121957
948737
949484
948909
852715
851243
852140
613697
615190
613164
187926
187485
187234
570837
567830
568811
663126
664662
664348
154181
155207
154956
472021
472546
469867
62466
62215
63319
126725
127829
127702
111696
111569
110866
896449
896705
896129
803713
803969
803393
860998
859251
534025
533005
531159
877126
875379
840838
839091
636102
634825
633805
732870
731593
731479
911661
711427
711313
714093
180097
179394
178628
171329
170563
170886
126210
126533
127961
629764
630670
630955
78147
79575
77803
563402
566154
564199
99732
100134
97960
394049
392797
393885
445212
446300
447261
622877
621223
621815
189906
188818
186644
363265
364817
435137
435723
433361
496202
493840
496794
280837
284176
281745
212293
211915
213201
637322
637914
75203
72579
74825
167558
168844
533072
144646
