1390846921832|1390846946912|18|101
1390846921832|1390846946944|26|101
1390846921864|1390846946976|26|101
1390846921864|1390846946944|26|101
1390846921864|1390846946944|26|101
1390846922120|1390846947232|27|101
1390846922120|1390846947232|27|101
1390846922152|1390846947264|27|101
1390846922152|1390846947232|27|101
1390846922408|1390846947488|35|101
1390846922408|1390846947488|35|101
1390846922440|1390846947520|35|101
1390846923176|1390846948256|35|101
1390846923368|1390846948480|35|101
1390846923368|1390846948448|35|101
1390846923400|1390846948480|35|101
1390846923400|1390846948480|35|101
1390846923400|1390846948480|36|101
1390846923400|1390846948480|36|101
1390846923432|1390846948512|44|101
1390846923816|1390846948928|44|101
1390846923848|1390846948928|45|101
1390846924552|1390846949632|56|101
1390846924552|1390846949632|67|101
1390846924744|1390846949824|68|101
1390846924840|1390846951792|73|102
1390846924872|1390846895152|74|107
1390846925416|1390846900080|74|104
1390846925416|1390846900080|74|104
1390846925448|1390846950544|75|101
1390846925448|1390846900080|75|104
1390846925640|1390846950736|75|101
1390846925640|1390846950736|75|101
1390846925672|1390846950736|75|101
1390846925736|1390846950832|76|101
1390846925736|1390846950832|88|101
1390846925736|1390846950832|89|101
1390846925736|1390846950832|89|101
1390846925736|1390846950832|95|101
1390846925736|1390846950832|110|101
1390846925768|1390846950832|110|101
1390846925928|1390846944640|111|105
1390846925928|1390846951024|111|101
1390846925928|1390846951024|117|101
1390846925960|1390846951056|118|101
1390846925960|1390846951056|120|101
1390846925960|1390846951056|120|101
1390846925960|1390846951056|120|101
1390846925960|1390846951056|120|101
1390846926248|1390846951344|120|101
1390846926248|1390846951344|120|101
1390846926280|1390846951376|121|101
1390846926280|1390846929184|121|108
1390846926312|1390846951408|121|101
1390846926440|1390846899792|121|101
1390846926440|1390846951536|121|101
1390846926472|1390846951568|138|101
1390846926472|1390846951568|138|101
1390846926472|1390846951568|139|101
1390846926472|1390846951568|139|101
1390846926504|1390846951600|145|101
1390846926504|1390846951600|145|101
1390846926824|1390846951920|146|101
1390846926824|1390846951920|148|101
1390846926920|1390846943568|148|108
1390846926952|1390846952048|148|101
1390846926952|1390846952048|148|101
1390846926952|1390846952048|148|101
1390846927176|1390846952272|148|101
1390846927176|1390846952272|149|101
1390846927208|1390846952304|154|101
1390846927208|1390846952304|154|101
1390846927208|1390846953296|154|102
1390846927240|1390846952336|154|101
1390846927240|1390846952336|154|101
1390846927336|1390846952432|154|101
1390846927336|1390846952432|154|101
1390846927496|1390846952592|154|101
1390846927720|1390846952816|155|101
1390846928040|1390846953136|155|101
1390846928040|1390846953136|155|101
1390846928328|1390846953424|155|101
1390846928360|1390846953456|155|101
1390846928360|1390846953456|155|101
1390846928360|1390846953456|155|101
1390846928648|1390846953744|155|101
1390846929096|1390846954192|156|101
1390846929096|1390846954192|156|101
1390846929096|1390846954192|156|101
1390846929160|1390846954256|164|101
1390846929448|1390846954544|164|101
1390846929448|1390846954544|165|101
1390846929448|1390846955760|165|103
1390846929480|1390846954576|165|101
1390846930152|1390846955248|165|101
1390846930152|1390846955248|165|101
1390846930152|1390846955280|165|101
1390846930184|1390846955280|165|101
1390846930184|1390846955280|166|101
1390846930984|1390846956080|170|101
1390846930984|1390846956080|170|101
1390846930984|1390846956080|170|101
1390846931080|1390846956208|170|101
1390846931112|1390846956208|171|101
1390846931112|1390846956208|171|101
1390846931208|1390846956304|171|101
1390846931304|1390846956432|171|101
1390846931304|1390846956400|171|101
1390846931336|1390846956432|171|101
1390846931336|1390846956432|171|101
1390846932136|1390846957232|171|101
1390846932136|1390846957232|172|101
1390846932168|1390846957264|172|101
1390846932168|1390846957264|182|101
1390846932168|1390846957264|182|101
1390846932616|1390846957712|182|101
1390846932648|1390846957744|185|101
1390846932904|1390846958000|185|101
1390846933000|1390846958096|185|101
1390846933704|1390846958800|186|101
1390846933704|1390846958800|186|101
1390846933704|1390846958800|186|101
1390846933704|1390846958800|186|101
1390846933864|1390846958960|190|101
1390846933864|1390846958960|193|101
1390846934216|1390846959312|193|101
1390846934216|1390846959312|194|101
1390846934216|1390846952720|194|106
1390846934824|1390846959920|194|101
1390846934824|1390846959920|194|101
1390846934856|1390846959952|195|101
1390846934856|1390846959952|195|101
1390846935176|1390846960272|195|101
1390846935176|1390846960272|198|101
1390846935176|1390846960272|198|101
1390846935208|1390846960304|203|101
1390846935784|1390846960880|210|101
1390846935784|1390846960880|220|101
1390846935976|1390846961072|220|101
1390846935976|1390846961072|220|101
1390846935976|1390846961072|220|101
1390846936008|1390846961072|229|101
1390846936008|1390846961104|229|101
1390846936008|1390846961136|230|101
1390846936008|1390846942560|230|101
1390846936040|1390846961136|230|101
1390846936040|1390846961136|237|101
1390846936136|1390846961232|239|101
1390846936136|1390846961232|239|101
1390846936136|1390846961232|253|101
1390846936168|1390846961264|253|101
1390846936328|1390846961424|253|101
1390846936328|1390846961424|253|101
1390846936328|1390846961424|255|101
1390846936712|1390846961808|258|101
1390846936712|1390846961808|263|101
1390846936808|1390846961904|264|101
1390846936936|1390846962032|264|101
1390846937416|1390846962512|264|101
1390846937416|1390846962512|264|101
1390846937416|1390846962512|264|101
1390846937576|1390846962672|264|101
1390846937768|1390846962864|264|101
1390846937768|1390846962864|265|101
1390846937768|1390846962864|286|101
1390846937800|1390846962896|286|101
1390846937800|1390846962896|286|101
1390846937800|1390846962896|286|101
1390846937832|1390846962928|287|101
1390846937832|1390846962928|287|101
1390846937832|1390846962928|312|101
1390846937896|1390846962992|312|101
1390846937896|1390846962992|312|101
1390846937896|1390846962992|312|101
1390846937928|1390846962992|312|101
1390846938216|1390846963312|312|101
1390846938696|1390846963792|315|101
1390846938696|1390846963792|316|101
1390846938696|1390846963792|316|101
1390846938728|1390846963824|316|101
1390846938728|1390846963824|319|101
1390846939272|1390846964368|322|101
1390846939272|1390846964368|322|101
1390846939464|1390846964560|323|101
1390846939464|1390846964560|323|101
1390846939464|1390846964560|340|101
1390846939464|1390846964560|340|101
1390846939720|1390846964816|340|101
1390846939720|1390846919088|341|101
1390846940488|1390846931488|348|101
1390846940520|1390846965616|348|101
1390846940520|1390846965616|349|101
1390846940520|1390846965616|349|101
1390846940552|1390846965648|349|101
1390846940552|1390846965648|349|101
1390846940552|1390846965648|363|101
1390846940616|1390846965712|363|101
1390846940968|1390846966064|364|101
1390846941800|1390846966896|364|101
1390846941928|1390846967024|365|101
1390846941960|1390846967056|372|101
1390846941992|1390846967088|372|101
1390846941992|1390846967088|375|101
1390846942312|1390846967408|388|101
1390846942728|1390846967824|388|101
1390846943304|1390846968400|397|101
1390846943304|1390846968400|397|101
1390846943368|1390846968464|397|101
1390846943528|1390846968624|397|101
1390846944456|1390846969552|400|101
1390846944936|1390846970064|402|101
1390846944968|1390846970064|402|101
1390846944968|1390846970064|413|101
1390846945128|1390846970224|413|101
1390846945352|1390846970448|413|101
1390846945736|1390846970832|413|101
1390846945736|1390846970832|413|101
1390846945800|1390846970928|418|101
1390846945832|1390846970928|432|101
1390846946792|1390846971888|432|101
1390846946952|1390846972048|433|101
1390846946952|1390846972048|433|101
1390846947112|1390846972208|442|101
1390846947112|1390846972208|443|101
1390846948680|1390846947968|443|104
1390846948680|1390846973776|443|101
1390846948680|1390846973808|443|101
1390846948712|1390846973808|443|101
1390846948712|1390846973808|443|101
1390846949352|1390846974448|443|101
1390846949352|1390846974448|444|101
1390846949704|1390846974832|444|101
1390846949736|1390846974832|462|101
1390846949832|1390846974928|462|101
1390846949928|1390846968384|468|107
1390846951336|1390846976432|468|101
1390846951400|1390846976496|468|101
1390846951752|1390846976848|468|101
1390846951752|1390846976848|468|101
1390846951880|1390846976976|468|101
1390846951880|1390846976976|469|101
1390846952072|1390846977168|469|101
1390846952072|1390846977168|469|101
1390846952136|1390846977232|469|101
1390846952552|1390846977648|469|101
1390846952584|1390846977680|470|101
1390846952968|1390846978064|470|101
1390846952968|1390846978064|470|101
1390846953064|1390846978160|470|101
1390846953064|1390846978160|473|101
1390846953064|1390846978160|473|101
1390846953064|1390846978160|473|101
1390846953096|1390846978192|473|101
1390846953128|1390846978224|474|101
1390846953128|1390846978224|478|101
1390846953128|1390846978192|478|101
1390846953576|1390846978672|479|101
1390846953640|1390846978736|479|101
1390846954504|1390846979600|479|101
1390846954504|1390846979600|479|101
1390846954536|1390846979632|491|101
1390846954536|1390846979632|491|101
1390846954632|1390846979728|491|101
1390846954696|1390846979792|492|101
1390846955016|1390846980128|492|101
1390846955112|1390846980224|494|101
1390846955144|1390846980224|498|101
1390846955144|1390846980256|498|101
1390846955144|1390846980256|498|101
1390846955144|1390846980256|512|101
1390846955176|1390846980256|513|101
1390846955176|1390846980256|513|101
1390846955208|1390846980288|513|101
1390846956104|1390846981216|518|101
1390846956104|1390846981216|518|101
1390846956136|1390846981216|523|101
1390846956136|1390846981216|524|101
1390846956168|1390846981248|524|101
1390846956872|1390846981984|524|101
1390846957064|1390846982176|525|101
1390846957096|1390846982176|525|101
1390846957096|1390846982176|525|101
1390846957480|1390846928384|525|103
1390846957512|1390846982624|525|101
1390846957544|1390846982656|526|101
1390846957576|1390846982656|526|101
1390846957576|1390846982656|526|101
1390846957672|1390846982752|528|101
1390846958792|1390846948880|528|108
1390846958824|1390846983936|528|101
1390846958888|1390846972272|528|104
1390846959240|1390846984352|529|101
1390846959368|1390846984480|537|101
1390846959400|1390846984480|538|101
1390846960456|1390846985536|553|101
1390846962088|1390846987168|553|101
1390846966728|1390846993024|553|102
1390846966728|1390846993024|554|102
1390846966728|1390846993024|554|102
1390846966728|1390846993024|554|102
1390846966728|1390846944576|570|105
1390846966728|1390846991744|571|103
1390846966728|1390846993024|571|102
1390846966728|1390846993024|577|102
1390846966792|1390846993088|577|102
1390846967048|1390846937680|577|108
1390846967400|1390846941088|577|104
1390846967400|1390846993696|577|102
1390846968872|1390846995168|577|102
1390846968936|1390846963696|585|104
1390846968968|1390846995264|585|102
1390846968968|1390846995264|585|102
1390846969384|1390846995680|585|102
1390846970376|1390846996672|585|102
1390846970408|1390846996704|586|102
1390846970408|1390846996704|596|102
1390846970440|1390846989120|596|104
1390846970440|1390846996736|609|102
1390846970440|1390846996736|609|102
1390846970472|1390846996768|609|102
1390846970472|1390846983808|610|107
1390846970472|1390846950096|610|102
1390846970664|1390846996960|610|102
1390846970664|1390846996960|610|102
1390846970920|1390846997216|610|102
1390846971048|1390846997344|610|102
1390846971048|1390846997344|611|102
1390846971048|1390846997344|611|102
1390846971048|1390846997344|611|102
1390846971048|1390846997344|611|102
1390846971048|1390846997344|612|102
1390846971080|1390846997376|613|102
1390846971080|1390846997376|624|102
1390846971080|1390846943104|650|104
1390846971080|1390846950064|650|102
1390846972744|1390846986848|651|106
1390846972744|1390846999040|654|102
1390846972744|1390846999552|655|106
1390846973608|1390846948256|656|101
1390846973704|1390847000000|656|102
1390846973768|1390847000064|666|102
1390846974088|1390846956816|666|102
1390846974088|1390847000384|671|102
1390846974536|1390847000832|679|102
1390846974536|1390847000832|697|102
1390846976904|1390846978352|697|104
1390846976904|1390846963696|699|102
1390846976968|1390846965584|701|101
1390846977000|1390847003296|704|102
1390846977000|1390847003296|724|102
1390846977064|1390846963696|733|104
1390846977096|1390847003392|748|102
1390846977160|1390846980960|749|104
1390846977192|1390847003488|749|102
1390846977288|1390846980416|754|102
1390846977288|1390847003584|761|102
1390846977352|1390847003648|773|102
1390846978504|1390847004800|773|102
1390846978504|1390847004832|773|102
1390846978504|1390847004800|773|102
1390846978536|1390847004832|775|102
1390846979208|1390847005504|776|102
1390846979208|1390847005504|788|102
1390846981032|1390847007328|806|102
1390846981064|1390847007360|811|102
1390846981064|1390847007360|811|102
1390846981096|1390847007392|813|102
1390846981128|1390847007424|814|102
1390846981128|1390847007424|815|102
1390846981128|1390847007424|816|102
1390846981224|1390847010352|816|105
1390846981256|1390847007552|816|102
1390846981256|1390847007552|817|102
1390846981416|1390847007712|825|102
1390846981864|1390847008160|864|102
1390846982440|1390847008736|864|102
1390846982440|1390847008736|865|102
1390846986216|1390847012080|865|107
1390846986216|1390847012528|865|102
1390846986216|1390847012528|866|102
1390846986248|1390847012528|866|102
1390846986792|1390847013104|869|102
1390846986792|1390847013104|886|102
1390846986824|1390847013104|886|102
1390846986856|1390847013136|897|102
1390846986856|1390847013168|898|102
1390846986856|1390847013168|901|102
1390846986856|1390847013168|904|102
1390846986984|1390847013296|904|102
1390846987016|1390847013296|948|102
1390846987144|1390847013456|950|102
1390846987336|1390847013648|960|102
1390846987336|1390847013648|961|102
1390846987368|1390847013648|961|102
1390846987368|1390847013648|963|102
1390846987368|1390847013648|965|102
1390846987464|1390847013744|965|102
1390846987496|1390847013776|971|102
1390846987560|1390847013872|971|102
1390846987560|1390847013872|973|102
1390846987624|1390846975280|986|104
1390846987880|1390847014192|987|102
1390846987880|1390847014192|999|102
1390846987912|1390847014192|999|102
1390846987912|1390847014192|1002|102
1390846988296|1390846983808|1002|107
1390846988328|1390847005440|1002|104
1390846988360|1390847018096|1002|102
1390846988520|1390847014800|1002|102
1390846988552|1390847014864|1003|102
1390846988552|1390847014832|1004|102
1390846988552|1390847014832|1004|102
1390846988584|1390847014864|1004|102
1390846988584|1390847014864|1004|102
1390846988584|1390847014864|1018|102
1390846989096|1390847015376|1020|102
1390846989096|1390847015376|1047|102
1390846989768|1390847000832|1047|106
1390846989768|1390847016048|1048|102
1390846989768|1390847016080|1048|102
1390846989800|1390847016080|1048|102
1390846989992|1390847015280|1051|103
1390846990056|1390846988448|1051|108
1390846990760|1390847017040|1053|102
1390846990760|1390847017040|1053|102
1390846990952|1390847017264|1054|102
1390846990952|1390847017264|1063|102
1390846990984|1390847017264|1066|102
1390846990984|1390847017264|1067|102
1390846991112|1390847017424|1067|102
1390846991112|1390847017424|1067|102
1390846991112|1390847017424|1067|102
1390846991144|1390847017424|1067|102
1390846991144|1390847017424|1068|102
1390846991208|1390847017520|1068|102
1390846991208|1390847017520|1069|102
1390846991240|1390847017520|1085|102
1390846991784|1390847018096|1086|102
1390846991784|1390847018096|1096|102
1390846991912|1390847018224|1097|102
1390846992200|1390847018512|1097|102
1390846992840|1390847019152|1098|102
1390846992840|1390847019152|1098|102
1390846993032|1390846997440|1098|106
1390846993096|1390847019408|1098|102
1390846993128|1390847019408|1099|102
1390846993128|1390847019408|1121|102
1390846993576|1390847019856|1127|102
1390846993608|1390847019920|1127|102
1390846993608|1390847019920|1127|102
1390846993608|1390847019920|1128|102
1390846993672|1390847019952|1128|102
1390846993672|1390847019952|1129|102
1390846993768|1390847020048|1131|102
1390846993832|1390847020144|1140|102
1390846993832|1390847020144|1140|102
1390846993832|1390847020144|1141|102
1390846993864|1390847020176|1142|102
1390846993864|1390847020144|1142|102
1390846994088|1390847020400|1142|102
1390846994088|1390847020400|1143|102
1390846994120|1390847020400|1143|102
1390846994152|1390847020464|1146|102
1390846994152|1390847020464|1180|102
1390846994152|1390847020464|1180|102
1390846994280|1390847020592|1181|102
1390846994280|1390847020592|1181|102
1390846994312|1390847020592|1181|102
1390846994408|1390847020720|1181|102
1390846994408|1390847020720|1182|102
1390846994536|1390846970800|1182|103
1390846994760|1390847021072|1182|102
1390846994888|1390846978160|1184|105
1390846994952|1390847021264|1184|102
1390846995048|1390847021360|1195|102
1390846995080|1390847021360|1196|102
1390846995208|1390847021520|1196|102
1390846995368|1390847021648|1199|102
1390846995784|1390847022096|1200|102
1390846995816|1390847022096|1200|102
1390846996008|1390847022320|1222|102
1390846996328|1390847022608|1223|102
1390846997288|1390847023600|1223|102
1390846997288|1390847023600|1229|102
1390846997320|1390847023600|1233|102
1390846997480|1390847023792|1244|102
1390846997512|1390847023792|1263|102
1390846997576|1390847023856|1284|102
1390846997704|1390847024016|1422|102
1390846997704|1390847024016|1424|102
1390846997704|1390847024016|1424|102
1390846997704|1390847024016|1424|102
1390846997704|1390847024016|1428|102
1390846997704|1390847024016|1428|102
1390846997736|1390847024016|1429|102
1390846997736|1390847024016|1429|102
1390846997864|1390847024176|1429|102
1390846997864|1390847024176|1429|102
1390846997864|1390847024176|1429|102
1390846997864|1390847024176|1429|102
1390846997864|1390847024176|1429|102
1390846997864|1390847024176|1429|102
1390846997896|1390847024176|1429|102
1390846997896|1390847024176|1429|102
1390846997896|1390847024176|1429|102
1390846997896|1390847024176|1429|102
1390846998056|1390847024336|1429|102
1390846998056|1390847024336|1431|102
1390846998088|1390847024368|1433|102
1390846998280|1390847024560|1434|102
1390846998280|1390846972304|1435|104
1390846998600|1390847024912|1439|102
1390846998600|1390847024912|1449|102
1390846998632|1390847024912|1449|102
1390846998696|1390847025008|1450|102
1390846998696|1390847025008|1450|102
1390846998728|1390847025008|1453|102
1390846998760|1390847025072|1453|102
1390846999176|1390847025488|1453|102
1390846999176|1390847025488|1453|102
1390846999176|1390847025488|1453|102
1390846999208|1390847025488|1455|102
1390846999208|1390847025488|1495|102
1390846999368|1390847025680|1495|102
1390846999368|1390847025680|1496|102
1390846999400|1390847025680|1496|102
1390846999464|1390847025776|1498|102
1390846999464|1390847025776|1499|102
1390846999496|1390847025776|1499|102
1390847000008|1390847026320|1500|102
1390847000008|1390847026320|1505|102
1390847000040|1390847026320|1512|102
1390847000040|1390847026992|1543|104
1390847000040|1390847026352|1543|102
1390847000040|1390847026352|1543|102
1390847000072|1390847026384|1544|102
1390847000072|1390847026384|1544|102
1390847000072|1390847026384|1544|102
1390847000104|1390847026416|1544|102
1390847000104|1390847026416|1544|102
1390847000104|1390847026416|1545|102
1390847000136|1390847026416|1545|102
1390847000232|1390847026544|1545|102
1390847000232|1390847026544|1545|102
1390847000232|1390847026544|1545|102
1390847000232|1390847026544|1545|102
1390847000584|1390846977456|1545|105
1390847000616|1390847024752|1546|103
1390847000680|1390846991616|1546|104
1390847000712|1390847027024|1546|102
1390847000712|1390847027024|1546|102
1390847000712|1390847027024|1546|102
1390847000712|1390847027024|1546|102
1390847000744|1390847027024|1546|102
1390847000744|1390847027024|1546|102
1390847001096|1390847027408|1546|102
1390847001096|1390847027408|1546|102
1390847001096|1390847027408|1546|102
1390847001128|1390847027408|1551|102
1390847001128|1390847027440|1551|102
1390847001128|1390847027440|1551|102
1390847001160|1390847027440|1552|102
1390847001160|1390847027472|1552|102
1390847001160|1390847027472|1556|102
1390847001160|1390847027472|1559|102
1390847001160|1390847027472|1560|102
1390847001672|1390847027984|1560|102
1390847001672|1390847027984|1560|102
1390847001672|1390847027984|1564|102
1390847001672|1390847027984|1564|102
1390847001704|1390847027984|1564|102
1390847001704|1390847027984|1564|102
1390847001704|1390847028016|1564|102
1390847001704|1390847028016|1564|102
1390847001928|1390847028240|1564|102
1390847001928|1390847028240|1564|102
1390847001960|1390847028240|1564|102
1390847002024|1390847028336|1565|102
1390847002408|1390847028720|1565|102
1390847002408|1390847028720|1565|102
1390847002408|1390846992480|1565|102
1390847002440|1390847028720|1565|102
1390847002472|1390847028784|1565|102
1390847002472|1390847028752|1565|102
1390847002984|1390846992480|1565|104
1390847003048|1390847029360|1573|102
1390847003080|1390847029360|1617|102
1390847003080|1390847029360|1617|102
1390847003080|1390847029360|1617|102
1390847003080|1390847029360|1617|102
1390847003080|1390847030864|1617|103
1390847003112|1390847029392|1617|102
1390847003112|1390847029392|1617|102
1390847003144|1390847029424|1617|102
1390847003304|1390847018608|1617|102
1390847003528|1390847029840|1644|102
1390847003560|1390847029872|1644|102
1390847003592|1390847029872|1645|102
1390847003784|1390847030064|1647|102
1390847004840|1390847031152|1649|102
1390847004840|1390847031152|1659|102
1390847004872|1390847031152|1659|102
1390847004872|1390847031152|1659|102
1390847008552|1390847004064|1659|106
1390847008840|1390847033584|1659|103
1390847009128|1390847027408|1673|102
1390847009352|1390847035632|1673|102
1390847009672|1390847035984|1673|102
1390847009704|1390847035984|1746|102
1390847009704|1390847035984|1746|102
1390847009736|1390847036016|1746|102
1390847009736|1390847036016|1746|102
1390847010088|1390847036400|1746|102
1390847010088|1390847036400|1746|102
1390847010088|1390847036400|1746|102
1390847010120|1390847036400|1747|102
1390847010120|1390847036400|1747|102
1390847010344|1390847036656|1747|102
1390847010344|1390847036656|1747|102
1390847010376|1390847036656|1747|102
1390847010408|1390847036720|1747|102
1390847011176|1390847037456|1747|102
1390847011912|1390847038192|1747|102
1390847012040|1390847038352|1747|102
1390847012072|1390847038352|1747|102
1390847014088|1390847040384|1747|102
1390847018088|1390847037184|1748|108
1390847018600|1390847044896|1748|102
1390847019336|1390847045632|1749|102
1390847019336|1390847045632|1749|102
1390847019624|1390847045920|1750|102
1390847019816|1390847046112|1750|102
1390847021704|1390847048000|1750|102
1390847021768|1390847048064|1750|102
1390847022920|1390847049216|1750|102
1390847024136|1390847050432|1752|102
1390847024872|1390847051168|1752|102
1390847025096|1390847051392|1752|102
1390847025256|1390847051552|1753|102
1390847025256|1390847051552|1755|102
1390847025448|1390847051744|1755|102
1390847025672|1390847051968|1756|102
1390847025672|1390847051968|1759|102
1390847025672|1390847051968|1759|102
1390847025960|1390847052256|1759|102
1390847026664|1390847052960|1759|102
1390847026696|1390847052960|1759|102
1390847027464|1390846997552|1760|107
1390847027496|1390847053824|1761|102
1390847027528|1390847053824|1797|102
1390847027528|1390847053824|1797|102
1390847027784|1390847054080|1797|102
1390847028328|1390847054624|1797|102
1390847029160|1390847055456|1797|102
1390847029320|1390847055616|1797|102
1390847031784|1390847056352|1798|103
1390847031784|1390847056352|1798|103
1390847031784|1390847056352|1810|103
1390847032072|1390847061280|1811|101
1390847032424|1390847044128|1811|101
1390847032616|1390847010352|1819|103
1390847032936|1390847026272|1819|107
1390847033096|1390847057664|1870|103
1390847035240|1390847059808|1876|103
1390847035240|1390847059808|1877|103
1390847035400|1390847059968|1877|103
1390847036744|1390847049440|1877|103
1390847036840|1390847061408|1877|103
1390847036840|1390847061408|1877|103
1390847037032|1390847061600|1878|103
1390847037064|1390847061600|1878|103
1390847037224|1390847061792|1878|103
1390847037224|1390847061760|1879|103
1390847037544|1390847064144|1879|107
1390847037864|1390847027072|1879|107
1390847038504|1390847063072|1881|103
1390847038504|1390847063072|1881|103
1390847038632|1390847063200|1882|103
1390847038632|1390847063200|1882|103
1390847038664|1390847063200|1882|103
1390847038824|1390847055488|1883|105
1390847039016|1390847063584|1883|103
1390847039016|1390847063584|1883|103
1390847039048|1390847063584|1884|103
1390847039112|1390847063680|1888|103
1390847039112|1390847063680|1902|103
1390847039144|1390847063680|1920|103
1390847039848|1390847041984|1920|103
1390847040136|1390847064704|1974|103
1390847040264|1390847064832|2037|103
1390847040392|1390847064960|2038|103
1390847040392|1390847064960|2038|103
1390847040392|1390847040096|2038|104
1390847040424|1390847064992|2039|103
1390847040552|1390847065120|2054|103
1390847040584|1390847065152|2056|103
1390847040776|1390847065344|2056|103
1390847040776|1390847065344|2057|103
1390847040936|1390847060224|2058|105
1390847040936|1390847065504|2058|103
1390847040936|1390847065504|2058|103
1390847040936|1390847065504|2058|103
1390847040936|1390847065504|2058|103
1390847040936|1390847060128|2058|105
1390847041416|1390847065984|2058|103
1390847041576|1390847066144|2058|103
1390847041640|1390847066208|2062|103
1390847041640|1390847066208|2063|103
1390847041672|1390847066240|2067|103
1390847041672|1390847066240|2067|103
1390847041672|1390847066240|2068|103
1390847041704|1390847066272|2068|103
1390847041704|1390847066272|2068|103
1390847041992|1390847066560|2069|103
1390847041992|1390847066560|2073|103
1390847042184|1390847066752|2073|103
1390847042184|1390847066752|2073|103
1390847042216|1390847069504|2074|104
1390847042472|1390847067040|2074|103
1390847042792|1390847067360|2074|103
1390847042792|1390847067360|2076|103
1390847043080|1390847067648|2077|103
1390847043080|1390847067648|2077|103
1390847043112|1390847067680|2078|103
1390847043112|1390847067680|2079|103
1390847043304|1390847067872|2079|103
1390847043304|1390847067872|2080|103
1390847043432|1390847068000|2080|103
1390847043528|1390847068064|2080|103
1390847043784|1390847068352|2080|103
1390847043784|1390847068352|2082|103
1390847043816|1390847068352|2090|103
1390847044008|1390847068576|2090|103
1390847044008|1390847068576|2090|103
1390847044104|1390847068672|2091|103
1390847044360|1390847068928|2091|103
1390847044392|1390847068928|2095|103
1390847044424|1390847068992|2096|103
1390847044552|1390847069120|2103|103
1390847044808|1390847069376|2103|103
1390847044840|1390847069408|2104|103
1390847044840|1390847069408|2104|103
1390847045160|1390847069728|2105|103
1390847045160|1390847069728|2110|103
1390847045192|1390847069760|2110|103
1390847045192|1390847069760|2111|103
1390847045192|1390847069728|2111|103
1390847045320|1390847069888|2111|103
1390847045352|1390847069888|2111|103
1390847049000|1390847027760|2112|103
1390847049032|1390847073616|2112|103
1390847049064|1390847073616|2112|103
1390847049064|1390847073616|2128|103
1390847049064|1390847073616|2128|103
1390847049096|1390847073648|2128|103
1390847049096|1390847055744|2149|106
1390847049128|1390847073680|2149|103
1390847049128|1390847073680|2149|103
1390847049128|1390847073680|2149|103
1390847049160|1390847073712|2149|103
1390847049160|1390847073712|2150|103
1390847049160|1390847073712|2156|103
1390847049160|1390847043392|2158|106
1390847049160|1390847074256|2159|106
1390847049192|1390847073744|2164|103
1390847049192|1390847073744|2166|103
1390847049192|1390847073744|2177|103
1390847049192|1390847073776|2178|103
1390847049192|1390847075824|2178|106
1390847049224|1390847073776|2178|103
1390847049224|1390847073776|2178|103
1390847049224|1390847073776|2180|103
1390847049224|1390847073776|2180|103
1390847049224|1390847073776|2186|103
1390847049832|1390847074384|2186|103
1390847049864|1390847074416|2187|103
1390847049864|1390847074416|2187|103
1390847049864|1390847074416|2191|103
1390847049864|1390847074416|2191|103
1390847049864|1390847074416|2191|103
1390847049896|1390847074448|2191|103
1390847049928|1390847074480|2191|103
1390847050152|1390847074704|2192|103
1390847050376|1390847074928|2192|103
1390847051624|1390847076176|2192|103
1390847051656|1390847076208|2192|103
1390847052776|1390847077328|2194|103
1390847052776|1390847077328|2194|103
1390847052904|1390847077488|2195|103
1390847052936|1390847077488|2212|103
1390847052936|1390847077488|2212|103
1390847053096|1390847077648|2216|103
1390847053192|1390847077744|2219|103
1390847053192|1390847077744|2225|103
1390847053256|1390847077808|2245|103
1390847053256|1390847077808|2245|103
1390847053256|1390847077808|2251|103
1390847053384|1390847077936|2251|103
1390847053384|1390847077936|2251|103
1390847053384|1390847077936|2253|103
1390847053608|1390847078160|2254|103
1390847053608|1390847078160|2254|103
1390847053640|1390847078160|2268|103
1390847053640|1390847078192|2268|103
1390847053640|1390847078192|2269|103
1390847053768|1390847078320|2269|103
1390847054184|1390847078736|2269|103
1390847054440|1390847078992|2271|103
1390847054440|1390847078992|2271|103
1390847054440|1390847078992|2274|103
1390847054632|1390847079184|2274|103
1390847055016|1390847079568|2275|103
1390847055016|1390847079568|2276|103
1390847055144|1390847079696|2276|103
1390847055208|1390847079760|2276|103
1390847055240|1390847032848|2276|106
1390847055336|1390847079920|2277|103
1390847055368|1390847079920|2277|103
1390847055368|1390847079920|2279|103
1390847055464|1390847080016|2282|103
1390847055464|1390847080016|2284|103
1390847055496|1390847080048|2284|103
1390847055880|1390847050880|2285|103
1390847055912|1390847080464|2285|103
1390847056296|1390847080848|2286|103
1390847056296|1390847080880|2286|103
1390847056328|1390847080912|2286|103
1390847056360|1390847080912|2290|103
1390847056360|1390847080912|2290|103
1390847056360|1390847080912|2291|103
1390847056360|1390847080912|2293|103
1390847056616|1390847081168|2293|103
1390847056616|1390847081168|2293|103
1390847056808|1390847081360|2294|103
1390847056808|1390847081360|2294|103
1390847057320|1390847081904|2294|103
1390847057320|1390847081904|2294|103
1390847057352|1390847081904|2294|103
1390847057352|1390847081904|2297|103
1390847057448|1390847082000|2297|103
1390847057448|1390847082000|2298|103
1390847057448|1390847082000|2298|103
1390847057800|1390847082352|2299|103
1390847057800|1390847082352|2305|103
1390847057800|1390847082352|2305|103
1390847057864|1390847082416|2305|103
1390847058088|1390847051984|2306|107
1390847058088|1390847082672|2306|103
1390847058088|1390847082640|2309|103
1390847058088|1390847082640|2311|103
1390847058120|1390847082672|2314|103
1390847058120|1390847051984|2315|107
1390847058120|1390847082672|2318|103
1390847058152|1390847082704|2319|103
1390847058152|1390847082704|2324|103
1390847058152|1390847082704|2337|103
1390847058376|1390847082960|2337|103
1390847058408|1390847082960|2338|103
1390847058408|1390847082960|2338|103
1390847058408|1390847082960|2344|103
1390847058504|1390847083056|2354|103
1390847058664|1390847083216|2384|103
1390847058728|1390847083280|2384|103
1390847058728|1390847083280|2385|103
1390847058760|1390847083312|2390|103
1390847058760|1390847083312|2390|103
1390847058824|1390847083376|2391|103
1390847058888|1390847058960|2391|108
1390847058920|1390847083472|2392|103
1390847059816|1390847084368|2393|103
1390847059816|1390847084368|2393|103
1390847060008|1390847084592|2397|103
1390847060040|1390847084592|2397|103
1390847060200|1390847084752|2397|103
1390847060200|1390847084752|2397|103
1390847060616|1390847085168|2397|103
1390847060648|1390847071600|2397|107
1390847060936|1390847037872|2397|104
1390847061448|1390847086000|2398|103
1390847061928|1390847086480|2398|103
1390847062088|1390847086672|2402|103
1390847062184|1390847086768|2402|103
1390847062216|1390847086768|2402|103
1390847062504|1390847055808|2402|106
1390847063208|1390847042432|2402|104
1390847063304|1390847087888|2402|103
1390847063720|1390847038032|2403|103
1390847063912|1390847088464|2403|103
1390847063912|1390847088464|2403|103
1390847067784|1390847077296|2403|108
1390847067784|1390847084896|2408|108
1390847068296|1390847067888|2408|108
1390847068360|1390847040672|2408|104
1390847068744|1390847040256|2409|104
1390847069256|1390847094672|2409|106
1390847070792|1390847078160|2415|106
1390847070792|1390847084368|2415|106
1390847071848|1390847041984|2425|103
1390847071848|1390847081808|2425|104
1390847073416|1390847068944|2426|107
1390847074216|1390847078672|2428|105
1390847074760|1390847057600|2428|104
1390847074760|1390847073712|2429|108
1390847074760|1390847104032|2429|106
1390847074792|1390847078160|2429|106
1390847075144|1390847103552|2429|106
1390847075592|1390847070928|2429|104
1390847075688|1390847065312|2430|104
1390847076264|1390847056576|2443|101
1390847076680|1390847070384|2443|107
1390847076680|1390847070384|2443|107
1390847076712|1390847093680|2444|106
1390847076904|1390847079056|2444|105
1390847078152|1390847082096|2449|104
1390847079400|1390847088464|2449|105
1390847080040|1390847109792|2450|101
1390847081128|1390847075760|2452|106
1390847081128|1390847084368|2452|106
1390847081384|1390847079248|2453|106
1390847083080|1390847084848|2469|104
1390847083240|1390847057696|2469|103
1390847083880|1390847099344|2469|104
1390847084776|1390847061472|2470|106
1390847084808|1390847114400|2470|104
1390847084808|1390847109760|2470|108
1390847085032|1390847061168|2470|107
1390847086088|1390847062880|2470|105
1390847086376|1390847071984|2471|102
1390847088616|1390847113152|2471|101
1390847089640|1390847119296|2471|104
1390847091144|1390847086592|2472|107
1390847091176|1390847094448|2472|106
1390847092136|1390847117008|2472|108
1390847093000|1390847112960|2473|101
1390847093224|1390847116320|2476|106
1390847094440|1390847096144|2476|104
1390847094824|1390847115872|2476|101
1390847095240|1390847123456|2476|106
1390847095400|1390847070128|2486|106
1390847096040|1390847121440|2487|104
1390847096296|1390847103808|2487|102
1390847097928|1390847123376|2488|108
1390847098856|1390847124960|2488|105
1390847098888|1390847073392|2488|104
1390847102920|1390847096464|2488|104
1390847103944|1390847131024|2490|106
1390847103976|1390847091152|2490|101
1390847104488|1390847096144|2490|104
1390847104616|1390847096272|2490|104
1390847104968|1390847119296|2490|104
1390847106088|1390847078160|2490|106
1390847107048|1390847135696|2491|106
1390847107080|1390847116560|2491|107
1390847107176|1390847135888|2491|104
1390847107400|1390847100352|2491|104
1390847107496|1390847096496|2491|105
1390847107496|1390847135696|2492|105
1390847115016|1390847100416|2492|105
1390847115080|1390847124960|2503|101
1390847115112|1390847143280|2503|105
1390847115112|1390847143280|2503|105
1390847115112|1390847126976|2503|105
1390847115144|1390847143280|2504|105
1390847115144|1390847124896|2504|101
1390847115176|1390847143344|2504|105
1390847115176|1390847114128|2504|108
1390847115208|1390847093936|2505|101
1390847115272|1390847143472|2505|105
1390847115272|1390847143472|2505|105
1390847115304|1390847114256|2505|108
1390847115336|1390847143536|2505|105
1390847115368|1390847143536|2505|105
1390847115496|1390847142560|2505|107
1390847124232|1390847152400|2509|105
1390847124488|1390847152688|2521|105
1390847125320|1390847153520|2521|105
1390847126280|1390847120864|2521|106
1390847127496|1390847155696|2521|105
1390847127496|1390847155696|2521|105
1390847127528|1390847122592|2522|103
1390847127528|1390847155728|2522|105
1390847127528|1390847155728|2522|105
1390847127528|1390847155728|2522|105
1390847127560|1390847155728|2523|105
1390847127624|1390847155824|2529|105
1390847127624|1390847155824|2529|105
1390847127656|1390847155824|2530|105
1390847127656|1390847155856|2532|105
1390847127720|1390847155920|2544|105
1390847127720|1390847155920|2544|105
1390847127816|1390847108704|2544|108
1390847127944|1390847156144|2544|105
1390847128040|1390847156240|2544|105
1390847128808|1390847157008|2544|105
1390847129000|1390847157200|2545|105
1390847129032|1390847157200|2545|105
1390847129384|1390847119552|2546|101
1390847130792|1390847158992|2546|105
1390847130792|1390847158992|2558|105
1390847130792|1390847158992|2561|105
1390847130792|1390847158992|2561|105
1390847131528|1390847159728|2562|105
1390847131528|1390847159728|2562|105
1390847131560|1390847130864|2564|108
1390847131880|1390847160096|2565|105
1390847131912|1390847160096|2565|105
1390847131912|1390847160096|2565|105
1390847133224|1390847123520|2565|104
1390847133384|1390847161568|2565|105
1390847133800|1390847161984|2565|105
1390847133960|1390847162144|2565|105
1390847133960|1390847162144|2565|105
1390847134376|1390847140736|2566|107
1390847135336|1390847130256|2566|102
1390847135688|1390847125184|2567|103
1390847135720|1390847144720|2569|104
1390847135752|1390847163936|2572|105
1390847135752|1390847130352|2579|104
1390847135784|1390847163968|2579|105
1390847135880|1390847164064|2579|105
1390847135880|1390847164064|2579|105
1390847135880|1390847164064|2580|105
1390847135912|1390847164096|2581|105
1390847135912|1390847164096|2587|105
1390847136040|1390847164224|2587|105
1390847136104|1390847164288|2617|105
1390847136104|1390847164288|2620|105
1390847136680|1390847164864|2620|105
1390847138184|1390847166368|2621|105
1390847138184|1390847166368|2621|105
1390847138184|1390847166368|2698|105
1390847139976|1390847168160|2698|105
1390847140008|1390847168160|2727|105
1390847140296|1390847114656|2735|104
1390847140296|1390847110448|2735|108
1390847140296|1390847168480|2736|105
1390847140360|1390847168544|2745|105
1390847140712|1390847168896|2751|105
1390847141992|1390847170208|2754|105
1390847141992|1390847170176|2754|105
1390847141992|1390847170176|2761|105
1390847141992|1390847170176|2765|105
1390847142024|1390847170208|2771|105
1390847142024|1390847170208|2772|105
1390847142024|1390847170208|2772|105
1390847142024|1390847170208|2773|105
1390847142024|1390847170208|2773|105
1390847142184|1390847170400|2782|105
1390847142184|1390847170400|2784|105
1390847142216|1390847170400|2784|105
1390847142216|1390847170400|2784|105
1390847142216|1390847170400|2785|105
1390847142248|1390847170432|2785|105
1390847142568|1390847170784|2792|105
1390847142600|1390847170784|2792|105
1390847142600|1390847170784|2793|105
1390847142600|1390847170784|2794|105
1390847142600|1390847170784|2818|105
1390847142632|1390847170816|2818|105
1390847143208|1390847171392|2818|105
1390847143208|1390847171392|2840|105
1390847143496|1390847171680|2840|105
1390847143496|1390847171680|2841|105
1390847143528|1390847171712|2841|105
1390847143528|1390847171712|2845|105
1390847143688|1390847171872|2846|105
1390847144456|1390847117776|2849|108
1390847144968|1390847136048|2880|104
1390847144968|1390847173152|2882|105
1390847144968|1390847173152|2897|105
1390847145000|1390847168416|2909|106
1390847145000|1390847173184|2949|105
1390847145000|1390847173184|2952|105
1390847145192|1390847173376|2952|105
1390847145832|1390847174016|2967|105
1390847145864|1390847174048|3005|105
1390847146408|1390847174592|3034|105
1390847146408|1390847174592|3034|105
1390847146664|1390847174848|3048|105
1390847147688|1390847175872|3048|105
1390847147688|1390847175872|3049|105
1390847147688|1390847175872|3050|105
1390847147720|1390847175872|3053|105
1390847148328|1390847176512|3059|105
1390847148648|1390847156912|3073|103
1390847148744|1390847176928|3073|105
1390847149288|1390847177472|3075|105
1390847149384|1390847177600|3082|105
1390847149416|1390847177600|3088|105
1390847149416|1390847177600|3093|105
1390847149416|1390847177600|3102|105
1390847149704|1390847177888|3102|105
1390847149704|1390847177888|3147|105
1390847149736|1390847177920|3149|105
1390847150312|1390847161152|3149|108
1390847150344|1390847178528|3155|105
1390847150408|1390847174096|3182|108
1390847150440|1390847180416|3185|103
1390847150440|1390847178624|3185|105
1390847150568|1390847178752|3185|105
1390847150568|1390847178752|3185|105
1390847150568|1390847148720|3223|102
1390847150568|1390847178752|3246|105
1390847150600|1390847148720|3246|102
1390847150824|1390847179008|3247|105
1390847151016|1390847179232|3253|105
1390847151048|1390847179232|3256|105
1390847151048|1390847179232|3258|105
1390847151080|1390847179264|3258|105
1390847151272|1390847179456|3264|105
1390847151272|1390847179456|3264|105
1390847151720|1390847179904|3270|105
1390847151816|1390847180032|3271|105
1390847151848|1390847180032|3271|105
1390847152168|1390847180352|3271|105
1390847152168|1390847180352|3271|105
1390847152680|1390847180864|3280|105
1390847152680|1390847180864|3302|105
1390847153800|1390847140592|3303|102
1390847154152|1390847142560|3310|107
1390847154152|1390847182336|3326|105
1390847155176|1390847180288|3327|103
1390847155176|1390847183360|3328|105
1390847155176|1390847183360|3329|105
1390847155208|1390847183392|3329|105
1390847155240|1390847183456|3337|105
1390847155240|1390847183456|3354|105
1390847155272|1390847183456|3380|105
1390847155272|1390847183456|3385|105
1390847155272|1390847183456|3462|105
1390847155272|1390847183456|3462|105
1390847155272|1390847183488|3462|105
1390847155304|1390847183488|3462|105
1390847155944|1390847158576|3462|105
1390847159880|1390847188096|3462|105
1390847159880|1390847188064|3463|105
1390847159880|1390847185728|3468|106
1390847159912|1390847188096|3470|105
1390847159912|1390847188096|3470|105
1390847159912|1390847188096|3471|105
1390847159912|1390847188096|3471|105
1390847159912|1390847185760|3472|106
1390847159944|1390847188160|3476|105
1390847159944|1390847188128|3476|105
1390847159976|1390847188160|3482|105
1390847159976|1390847134384|3482|104
1390847160200|1390847188416|3487|105
1390847160200|1390847188384|3488|105
1390847160328|1390847188512|3497|105
1390847160616|1390847188800|3498|105
1390847162568|1390847190768|3498|105
1390847163976|1390847192176|3498|105
1390847163976|1390847192176|3499|105
1390847164008|1390847192208|3499|105
1390847164008|1390847192208|3500|105
1390847164040|1390847192240|3503|105
1390847164040|1390847192240|3521|105
1390847164040|1390847192240|3570|105
1390847164040|1390847192208|3570|105
1390847164040|1390847192240|3575|105
1390847164072|1390847192240|3616|105
1390847164488|1390847192688|3616|105
1390847164488|1390847192688|3617|105
1390847165288|1390847193488|3619|105
1390847165288|1390847193488|3619|105
1390847165288|1390847193488|3620|105
1390847165288|1390847193488|3620|105
1390847165320|1390847193488|3620|105
1390847165320|1390847193520|3620|105
1390847166056|1390847194256|3626|105
1390847166056|1390847194256|3627|105
1390847166056|1390847194256|3632|105
1390847166056|1390847194256|3632|105
1390847166088|1390847194256|3638|105
1390847166088|1390847194256|3641|105
1390847166088|1390847194256|3642|105
1390847166088|1390847194256|3645|105
1390847166088|1390847194288|3646|105
1390847166632|1390847194832|3651|105
1390847166760|1390847194960|3652|105
1390847166760|1390847194960|3653|105
1390847166792|1390847194960|3672|105
1390847166792|1390847194992|3672|105
1390847167048|1390847195248|3676|105
1390847167048|1390847195248|3676|105
1390847167208|1390847195408|3677|105
1390847167240|1390847195408|3677|105
1390847168200|1390847196400|3681|105
1390847168200|1390847196400|3682|105
1390847168200|1390847196400|3688|105
1390847168232|1390847196400|3688|105
1390847168232|1390847196400|3689|105
1390847168296|1390847196496|3691|105
1390847168488|1390847196688|3691|105
1390847169256|1390847197456|3692|105
1390847169256|1390847197456|3693|105
1390847169256|1390847197456|3696|105
1390847169288|1390847197456|3714|105
1390847169288|1390847197456|3723|105
1390847169288|1390847197456|3727|105
1390847169416|1390847197616|3731|105
1390847169416|1390847197616|3731|105
1390847169448|1390847197616|3731|105
1390847169544|1390847197744|3731|105
1390847169544|1390847197744|3731|105
1390847169544|1390847197744|3731|105
1390847169672|1390847197872|3732|105
1390847169672|1390847197872|3732|105
1390847169704|1390847197904|3734|105
1390847169704|1390847197904|3736|105
1390847169704|1390847194896|3736|106
1390847169704|1390847197904|3737|105
1390847169768|1390847197968|3739|105
1390847170536|1390847198736|3742|105
1390847171336|1390847199536|3742|105
1390847172808|1390847201008|3742|105
1390847172840|1390847201040|3743|105
1390847172840|1390847201040|3743|105
1390847172840|1390847201040|3743|105
1390847172840|1390847157776|3743|102
1390847173064|1390847201232|3748|105
1390847173192|1390847201392|3748|105
1390847174728|1390847202928|3748|105
1390847174728|1390847202928|3748|105
1390847175240|1390847145792|3748|108
1390847177512|1390847170672|3748|107
1390847177512|1390847201072|3748|105
1390847177544|1390847170672|3748|107
1390847177992|1390847190256|3748|105
1390847188296|1390847171680|3751|105
1390847190952|1390847201008|3756|105
1390847192072|1390847205136|3758|102
1390847192136|1390847193040|3758|106
1390847192520|1390847172224|3758|104
1390847192552|1390847198992|3763|106
1390847192648|1390847210976|3763|107
1390847193256|1390847220608|3768|103
1390847199496|1390847206784|3768|107
1390847200104|1390847205744|3770|104
1390847200392|1390847198672|3770|105

