1390846921576|1390846893104|18|108
1390846921832|1390846946912|26|101
1390846921832|1390846900160|26|108
1390846921832|1390846935328|26|106
1390846921832|1390846946944|26|101
1390846921864|1390846951600|27|101
1390846921864|1390846946976|27|101
1390846921864|1390846946944|27|101
1390846921864|1390846946944|27|101
1390846922120|1390846899632|35|102
1390846922120|1390846939712|35|104
1390846922120|1390846939456|35|103
1390846922120|1390846947232|35|101
1390846922120|1390846939456|35|103
1390846922120|1390846947232|35|101
1390846922120|1390846906160|35|101
1390846922120|1390846934336|35|103
1390846922152|1390846947264|36|101
1390846922152|1390846947232|36|101
1390846922408|1390846947488|44|101
1390846922408|1390846947488|44|101
1390846922440|1390846947520|45|101
1390846922792|1390846896976|56|102
1390846923144|1390846901424|67|101
1390846923176|1390846948256|68|101
1390846923336|1390846906544|73|102
1390846923368|1390846948480|74|101
1390846923368|1390846948448|74|101
1390846923368|1390846945984|74|103
1390846923400|1390846948480|75|101
1390846923400|1390846948480|75|101
1390846923400|1390846932208|75|108
1390846923400|1390846948480|75|101
1390846923400|1390846948480|75|101
1390846923432|1390846948512|76|101
1390846923816|1390846948928|88|101
1390846923848|1390846948928|89|101
1390846923848|1390846917072|89|102
1390846924040|1390846901392|95|106
1390846924520|1390846909488|110|102
1390846924520|1390846914880|110|107
1390846924552|1390846949632|111|101
1390846924552|1390846949632|111|101
1390846924744|1390846949824|117|101
1390846924776|1390846916192|118|107
1390846924840|1390846938304|120|101
1390846924840|1390846935840|120|106
1390846924840|1390846900528|120|103
1390846924840|1390846920352|120|104
1390846924840|1390846951792|120|102
1390846924840|1390846928096|120|101
1390846924872|1390846920352|121|104
1390846924872|1390846943168|121|101
1390846924872|1390846895120|121|107
1390846924872|1390846938304|121|101
1390846924872|1390846895152|121|107
1390846925416|1390846900080|138|104
1390846925416|1390846900080|138|104
1390846925448|1390846950544|139|101
1390846925448|1390846900080|139|104
1390846925640|1390846950736|145|101
1390846925640|1390846950736|145|101
1390846925672|1390846950736|146|101
1390846925736|1390846950832|148|101
1390846925736|1390846950832|148|101
1390846925736|1390846950832|148|101
1390846925736|1390846950832|148|101
1390846925736|1390846950832|148|101
1390846925736|1390846950832|148|101
1390846925768|1390846950832|149|101
1390846925928|1390846915312|154|105
1390846925928|1390846944640|154|105
1390846925928|1390846951024|154|101
1390846925928|1390846900560|154|106
1390846925928|1390846908256|154|107
1390846925928|1390846935088|154|108
1390846925928|1390846951024|154|101
1390846925928|1390846913488|154|102
1390846925960|1390846951056|155|101
1390846925960|1390846899632|155|102
1390846925960|1390846943792|155|108
1390846925960|1390846951056|155|101
1390846925960|1390846928864|155|102
1390846925960|1390846951056|155|101
1390846925960|1390846951056|155|101
1390846925960|1390846951056|155|101
1390846925992|1390846899632|156|102
1390846925992|1390846943792|156|108
1390846925992|1390846896464|156|101
1390846926248|1390846951344|164|101
1390846926248|1390846951344|164|101
1390846926280|1390846951376|165|101
1390846926280|1390846897552|165|101
1390846926280|1390846929184|165|108
1390846926280|1390846914512|165|101
1390846926280|1390846929184|165|108
1390846926280|1390846901504|165|108
1390846926280|1390846897552|165|101
1390846926312|1390846951408|166|101
1390846926440|1390846931456|170|101
1390846926440|1390846899792|170|101
1390846926440|1390846951536|170|101
1390846926440|1390846931456|170|101
1390846926472|1390846951568|171|101
1390846926472|1390846928160|171|107
1390846926472|1390846951568|171|101
1390846926472|1390846950800|171|106
1390846926472|1390846951568|171|101
1390846926472|1390846916192|171|107
1390846926472|1390846951568|171|101
1390846926472|1390846908288|171|107
1390846926504|1390846951600|172|101
1390846926504|1390846951600|172|101
1390846926824|1390846928608|182|105
1390846926824|1390846951920|182|101
1390846926824|1390846951920|182|101
1390846926920|1390846938528|185|106
1390846926920|1390846943568|185|108
1390846926920|1390846943568|185|108
1390846926952|1390846899920|186|106
1390846926952|1390846952048|186|101
1390846926952|1390846952048|186|101
1390846926952|1390846952048|186|101
1390846927080|1390846939360|190|106
1390846927176|1390846952272|193|101
1390846927176|1390846952272|193|101
1390846927208|1390846952304|194|101
1390846927208|1390846908864|194|108
1390846927208|1390846952304|194|101
1390846927208|1390846953296|194|102
1390846927240|1390846907856|195|104
1390846927240|1390846952336|195|101
1390846927240|1390846952336|195|101
1390846927336|1390846952432|198|101
1390846927336|1390846952432|198|101
1390846927496|1390846952592|203|101
1390846927720|1390846952816|210|101
1390846928040|1390846921568|220|105
1390846928040|1390846924704|220|103
1390846928040|1390846953136|220|101
1390846928040|1390846953136|220|101
1390846928328|1390846953424|229|101
1390846928328|1390846915664|229|101
1390846928360|1390846953456|230|101
1390846928360|1390846953456|230|101
1390846928360|1390846953456|230|101
1390846928584|1390846925984|237|106
1390846928648|1390846925536|239|105
1390846928648|1390846953744|239|101
1390846929096|1390846948160|253|103
1390846929096|1390846954192|253|101
1390846929096|1390846954192|253|101
1390846929096|1390846954192|253|101
1390846929160|1390846954256|255|101
1390846929256|1390846954928|258|103
1390846929416|1390846943744|263|104
1390846929448|1390846954544|264|101
1390846929448|1390846954544|264|101
1390846929448|1390846929568|264|104
1390846929448|1390846956816|264|102
1390846929448|1390846900480|264|108
1390846929448|1390846900528|264|103
1390846929448|1390846955760|264|103
1390846929480|1390846954576|265|101
1390846930152|1390846955248|286|101
1390846930152|1390846955248|286|101
1390846930152|1390846939536|286|108
1390846930152|1390846955280|286|101
1390846930184|1390846955280|287|101
1390846930184|1390846955280|287|101
1390846930984|1390846945440|312|101
1390846930984|1390846945200|312|108
1390846930984|1390846956080|312|101
1390846930984|1390846956080|312|101
1390846930984|1390846954480|312|103
1390846930984|1390846956080|312|101
1390846931080|1390846956208|315|101
1390846931112|1390846956208|316|101
1390846931112|1390846956208|316|101
1390846931112|1390846932864|316|101
1390846931208|1390846956304|319|101
1390846931304|1390846956432|322|101
1390846931304|1390846956400|322|101
1390846931336|1390846956432|323|101
1390846931336|1390846956432|323|101
1390846931880|1390846954224|340|101
1390846931880|1390846921504|340|108
1390846931880|1390846908624|340|104
1390846931912|1390846955248|341|101
1390846932136|1390846957232|348|101
1390846932136|1390846957232|348|101
1390846932168|1390846957264|349|101
1390846932168|1390846957264|349|101
1390846932168|1390846919184|349|103
1390846932168|1390846957264|349|101
1390846932616|1390846906000|363|104
1390846932616|1390846957712|363|101
1390846932648|1390846906000|364|104
1390846932648|1390846957744|364|101
1390846932680|1390846904432|365|102
1390846932904|1390846939264|372|101
1390846932904|1390846958000|372|101
1390846933000|1390846958096|375|101
1390846933416|1390846915840|388|107
1390846933416|1390846949568|388|101
1390846933704|1390846958800|397|101
1390846933704|1390846958800|397|101
1390846933704|1390846958800|397|101
1390846933704|1390846958800|397|101
1390846933800|1390846941344|400|102
1390846933864|1390846958960|402|101
1390846933864|1390846958960|402|101
1390846934216|1390846959312|413|101
1390846934216|1390846959312|413|101
1390846934216|1390846924736|413|107
1390846934216|1390846945632|413|106
1390846934216|1390846952720|413|106
1390846934376|1390846913840|418|104
1390846934824|1390846959920|432|101
1390846934824|1390846959920|432|101
1390846934856|1390846959952|433|101
1390846934856|1390846959952|433|101
1390846935144|1390846959888|442|108
1390846935176|1390846943136|443|101
1390846935176|1390846960272|443|101
1390846935176|1390846955696|443|108
1390846935176|1390846960272|443|101
1390846935176|1390846960272|443|101
1390846935176|1390846948848|443|108
1390846935176|1390846943040|443|104
1390846935208|1390846960304|444|101
1390846935208|1390846929024|444|105
1390846935784|1390846960880|462|101
1390846935784|1390846960880|462|101
1390846935976|1390846961072|468|101
1390846935976|1390846942848|468|106
1390846935976|1390846960288|468|107
1390846935976|1390846961072|468|101
1390846935976|1390846961072|468|101
1390846935976|1390846946560|468|103
1390846936008|1390846961072|469|101
1390846936008|1390846961104|469|101
1390846936008|1390846961136|469|101
1390846936008|1390846942560|469|101
1390846936008|1390846942560|469|101
1390846936040|1390846928672|470|102
1390846936040|1390846961136|470|101
1390846936040|1390846910032|470|101
1390846936040|1390846961136|470|101
1390846936136|1390846961232|473|101
1390846936136|1390846961232|473|101
1390846936136|1390846961232|473|101
1390846936136|1390846938880|473|104
1390846936168|1390846961264|474|101
1390846936296|1390846908256|478|107
1390846936296|1390846944960|478|101
1390846936328|1390846961424|479|101
1390846936328|1390846961424|479|101
1390846936328|1390846961424|479|101
1390846936328|1390846908256|479|107
1390846936712|1390846923872|491|105
1390846936712|1390846961808|491|101
1390846936712|1390846961808|491|101
1390846936744|1390846945696|492|104
1390846936744|1390846921376|492|101
1390846936808|1390846961904|494|101
1390846936936|1390846922592|498|102
1390846936936|1390846962032|498|101
1390846936936|1390846922592|498|102
1390846937384|1390846940576|512|106
1390846937416|1390846962512|513|101
1390846937416|1390846962512|513|101
1390846937416|1390846962512|513|101
1390846937576|1390846962672|518|101
1390846937576|1390846965136|518|101
1390846937736|1390846908224|523|107
1390846937768|1390846962864|524|101
1390846937768|1390846962864|524|101
1390846937768|1390846962864|524|101
1390846937800|1390846958896|525|103
1390846937800|1390846962896|525|101
1390846937800|1390846962896|525|101
1390846937800|1390846962896|525|101
1390846937800|1390846963840|525|107
1390846937832|1390846962928|526|101
1390846937832|1390846962928|526|101
1390846937832|1390846962928|526|101
1390846937896|1390846938112|528|105
1390846937896|1390846962992|528|101
1390846937896|1390846962992|528|101
1390846937896|1390846962992|528|101
1390846937928|1390846962992|529|101
1390846938184|1390846928768|537|104
1390846938216|1390846963312|538|101
1390846938696|1390846963792|553|101
1390846938696|1390846963792|553|101
1390846938696|1390846963792|553|101
1390846938728|1390846963824|554|101
1390846938728|1390846943168|554|101
1390846938728|1390846963824|554|101
1390846939240|1390846930608|570|108
1390846939272|1390846964368|571|101
1390846939272|1390846964368|571|101
1390846939464|1390846935456|577|106
1390846939464|1390846964560|577|101
1390846939464|1390846964560|577|101
1390846939464|1390846964560|577|101
1390846939464|1390846964560|577|101
1390846939464|1390846928160|577|107
1390846939720|1390846964816|585|101
1390846939720|1390846968464|585|101
1390846939720|1390846935088|585|108
1390846939720|1390846951024|585|101
1390846939720|1390846919088|585|101
1390846939752|1390846954192|586|101
1390846940072|1390846919664|596|102
1390846940072|1390846914864|596|106
1390846940488|1390846948960|609|102
1390846940488|1390846948480|609|101
1390846940488|1390846931488|609|101
1390846940520|1390846965616|610|101
1390846940520|1390846965616|610|101
1390846940520|1390846948992|610|102
1390846940520|1390846965616|610|101
1390846940520|1390846966544|610|103
1390846940520|1390846919696|610|105
1390846940552|1390846965648|611|101
1390846940552|1390846965648|611|101
1390846940552|1390846965648|611|101
1390846940552|1390846924768|611|107
1390846940584|1390846967184|612|105
1390846940616|1390846965712|613|101
1390846940968|1390846966064|624|101
1390846941800|1390846966896|650|101
1390846941800|1390846927616|650|107
1390846941832|1390846945696|651|104
1390846941928|1390846967024|654|101
1390846941960|1390846967056|655|101
1390846941992|1390846967088|656|101
1390846941992|1390846967088|656|101
1390846942312|1390846967408|666|101
1390846942312|1390846970128|666|102
1390846942472|1390846929280|671|104
1390846942728|1390846967824|679|101
1390846943304|1390846968400|697|101
1390846943304|1390846968400|697|101
1390846943368|1390846968464|699|101
1390846943432|1390846963056|701|104
1390846943528|1390846968624|704|101
1390846944168|1390846971024|724|104
1390846944456|1390846969552|733|101
1390846944936|1390846970064|748|101
1390846944968|1390846970064|749|101
1390846944968|1390846970064|749|101
1390846945128|1390846970224|754|101
1390846945352|1390846970448|761|101
1390846945736|1390846940224|773|106
1390846945736|1390846970832|773|101
1390846945736|1390846970832|773|101
1390846945736|1390846947232|773|101
1390846945800|1390846970928|775|101
1390846945832|1390846970928|776|101
1390846946216|1390846967264|788|108
1390846946792|1390846971888|806|101
1390846946952|1390846972048|811|101
1390846946952|1390846972048|811|101
1390846947016|1390846921984|813|107
1390846947048|1390846951376|814|108
1390846947080|1390846961104|815|101
1390846947112|1390846935008|816|106
1390846947112|1390846972208|816|101
1390846947112|1390846972208|816|101
1390846947144|1390846926688|817|107
1390846947400|1390846970288|825|102
1390846948648|1390846968544|864|108
1390846948648|1390846961296|864|104
1390846948680|1390846947968|865|104
1390846948680|1390846973776|865|101
1390846948680|1390846973808|865|101
1390846948712|1390846973808|866|101
1390846948712|1390846973808|866|101
1390846948808|1390846967424|869|108
1390846949352|1390846974448|886|101
1390846949352|1390846974448|886|101
1390846949704|1390846974832|897|101
1390846949736|1390846974832|898|101
1390846949832|1390846974928|901|101
1390846949928|1390846924768|904|107
1390846949928|1390846968384|904|107
1390846951336|1390846976432|948|101
1390846951400|1390846976496|950|101
1390846951720|1390846976928|960|107
1390846951752|1390846976848|961|101
1390846951752|1390846976848|961|101
1390846951816|1390846940528|963|107
1390846951880|1390846976976|965|101
1390846951880|1390846976976|965|101
1390846952072|1390846977168|971|101
1390846952072|1390846977168|971|101
1390846952136|1390846977232|973|101
1390846952552|1390846977648|986|101
1390846952584|1390846977680|987|101
1390846952968|1390846978064|999|101
1390846952968|1390846978064|999|101
1390846953064|1390846924864|1002|103
1390846953064|1390846978160|1002|101
1390846953064|1390846978160|1002|101
1390846953064|1390846978160|1002|101
1390846953064|1390846978160|1002|101
1390846953096|1390846978192|1003|101
1390846953128|1390846978224|1004|101
1390846953128|1390846978224|1004|101
1390846953128|1390846956816|1004|102
1390846953128|1390846978192|1004|101
1390846953576|1390846978672|1018|101
1390846953640|1390846978736|1020|101
1390846954504|1390846979600|1047|101
1390846954504|1390846979600|1047|101
1390846954536|1390846939552|1048|104
1390846954536|1390846979632|1048|101
1390846954536|1390846979632|1048|101
1390846954632|1390846941312|1051|103
1390846954632|1390846979728|1051|101
1390846954696|1390846961872|1053|103
1390846954696|1390846979792|1053|101
1390846954728|1390846924992|1054|102
1390846955016|1390846980128|1063|101
1390846955112|1390846980224|1066|101
1390846955144|1390846980224|1067|101
1390846955144|1390846934336|1067|103
1390846955144|1390846980256|1067|101
1390846955144|1390846980256|1067|101
1390846955144|1390846980256|1067|101
1390846955176|1390846980256|1068|101
1390846955176|1390846980256|1068|101
1390846955208|1390846980288|1069|101
1390846955720|1390846951888|1085|103
1390846955752|1390846979600|1086|102
1390846956072|1390846957552|1096|106
1390846956104|1390846981216|1097|101
1390846956104|1390846981216|1097|101
1390846956136|1390846981216|1098|101
1390846956136|1390846926976|1098|105
1390846956136|1390846975824|1098|102
1390846956136|1390846981216|1098|101
1390846956168|1390846981248|1099|101
1390846956872|1390846981984|1121|101
1390846957064|1390846946144|1127|101
1390846957064|1390846973488|1127|103
1390846957064|1390846982176|1127|101
1390846957096|1390846982176|1128|101
1390846957096|1390846982176|1128|101
1390846957128|1390846943824|1129|107
1390846957192|1390846941152|1131|104
1390846957480|1390846931392|1140|103
1390846957480|1390846928384|1140|103
1390846957512|1390846982624|1141|101
1390846957544|1390846929984|1142|101
1390846957544|1390846943712|1142|104
1390846957544|1390846982656|1142|101
1390846957576|1390846982656|1143|101
1390846957576|1390846982656|1143|101
1390846957672|1390846982752|1146|101
1390846958760|1390846939712|1180|106
1390846958760|1390846950512|1180|104
1390846958792|1390846986560|1181|106
1390846958792|1390846970880|1181|108
1390846958792|1390846948880|1181|108
1390846958792|1390846957360|1181|107
1390846958824|1390846983936|1182|101
1390846958824|1390846948512|1182|104
1390846958824|1390846931840|1182|101
1390846958888|1390846972272|1184|104
1390846958888|1390846974288|1184|104
1390846959240|1390846984352|1195|101
1390846959272|1390846970336|1196|107
1390846959272|1390846977232|1196|105
1390846959368|1390846984480|1199|101
1390846959400|1390846945792|1200|103
1390846959400|1390846984480|1200|101
1390846960104|1390846987872|1222|107
1390846960136|1390846956848|1223|102
1390846960136|1390846980288|1223|105
1390846960328|1390846947440|1229|107
1390846960456|1390846985536|1233|101
1390846960808|1390846933312|1244|105
1390846961416|1390846941232|1263|108
1390846962088|1390846987168|1284|101
1390846966504|1390846942912|1422|101
1390846966568|1390846958640|1424|108
1390846966568|1390846959984|1424|106
1390846966568|1390846985664|1424|105
1390846966696|1390846975840|1428|107
1390846966696|1390846961776|1428|103
1390846966728|1390846963728|1429|102
1390846966728|1390846993024|1429|102
1390846966728|1390846993024|1429|102
1390846966728|1390846957360|1429|104
1390846966728|1390846993024|1429|102
1390846966728|1390846993024|1429|102
1390846966728|1390846941984|1429|105
1390846966728|1390846944576|1429|105
1390846966728|1390846991744|1429|103
1390846966728|1390846961776|1429|103
1390846966728|1390846993024|1429|102
1390846966728|1390846986048|1429|102
1390846966728|1390846993024|1429|102
1390846966792|1390846993088|1431|102
1390846966856|1390846979344|1433|104
1390846966888|1390846979424|1434|108
1390846966920|1390846986240|1435|102
1390846967048|1390846937680|1439|108
1390846967368|1390846974208|1449|108
1390846967368|1390846950096|1449|102
1390846967400|1390846941088|1450|104
1390846967400|1390846993696|1450|102
1390846967496|1390846991584|1453|105
1390846967496|1390846941264|1453|108
1390846967496|1390846943456|1453|106
1390846967496|1390846943168|1453|101
1390846967496|1390846959024|1453|102
1390846967560|1390846945808|1455|107
1390846968840|1390846963696|1495|102
1390846968840|1390846984576|1495|104
1390846968872|1390846995168|1496|102
1390846968872|1390846970928|1496|104
1390846968936|1390846963696|1498|104
1390846968968|1390846995264|1499|102
1390846968968|1390846995264|1499|102
1390846969000|1390846959120|1500|105
1390846969160|1390846983872|1505|107
1390846969384|1390846995680|1512|102
1390846970376|1390846969360|1543|104
1390846970376|1390846996672|1543|102
1390846970376|1390846980128|1543|101
1390846970408|1390846996704|1544|102
1390846970408|1390846996704|1544|102
1390846970408|1390846982528|1544|103
1390846970408|1390846941760|1544|106
1390846970408|1390846958928|1544|103
1390846970440|1390846984000|1545|104
1390846970440|1390846963792|1545|101
1390846970440|1390846982528|1545|103
1390846970440|1390846989120|1545|104
1390846970440|1390846996736|1545|102
1390846970440|1390846996736|1545|102
1390846970440|1390846957584|1545|104
1390846970472|1390846975360|1546|108
1390846970472|1390846972592|1546|102
1390846970472|1390846996768|1546|102
1390846970472|1390846996064|1546|105
1390846970472|1390846969968|1546|102
1390846970472|1390846992432|1546|107
1390846970472|1390846950096|1546|102
1390846970472|1390846983808|1546|107
1390846970472|1390846945920|1546|103
1390846970472|1390846951632|1546|102
1390846970472|1390846950096|1546|102
1390846970632|1390846998528|1551|103
1390846970632|1390846986688|1551|102
1390846970632|1390846943424|1551|106
1390846970664|1390846996960|1552|102
1390846970664|1390846996960|1552|102
1390846970792|1390846979632|1556|103
1390846970888|1390846989312|1559|106
1390846970920|1390846988512|1560|108
1390846970920|1390846997216|1560|102
1390846970920|1390846989312|1560|106
1390846971048|1390846997344|1564|102
1390846971048|1390846975280|1564|104
1390846971048|1390846997344|1564|102
1390846971048|1390846997344|1564|102
1390846971048|1390846980544|1564|106
1390846971048|1390846997344|1564|102
1390846971048|1390846997344|1564|102
1390846971048|1390846997344|1564|102
1390846971048|1390846947184|1564|107
1390846971080|1390846997376|1565|102
1390846971080|1390846997376|1565|102
1390846971080|1390846964048|1565|104
1390846971080|1390846943104|1565|104
1390846971080|1390846943104|1565|104
1390846971080|1390846948880|1565|108
1390846971080|1390846958224|1565|102
1390846971080|1390846950064|1565|102
1390846971336|1390846959984|1573|106
1390846972744|1390846995920|1617|108
1390846972744|1390846986848|1617|106
1390846972744|1390846999040|1617|102
1390846972744|1390846999552|1617|106
1390846972744|1390846976720|1617|101
1390846972744|1390846958608|1617|108
1390846972744|1390846961216|1617|107
1390846972744|1390846983488|1617|104
1390846972744|1390846946912|1617|101
1390846973608|1390847003584|1644|102
1390846973608|1390846948256|1644|101
1390846973640|1390846988960|1645|107
1390846973704|1390847000000|1647|102
1390846973768|1390847000064|1649|102
1390846974088|1390846975856|1659|102
1390846974088|1390846956816|1659|102
1390846974088|1390847000384|1659|102
1390846974088|1390846975856|1659|102
1390846974088|1390846988576|1659|103
1390846974536|1390846999520|1673|105
1390846974536|1390847000832|1673|102
1390846974536|1390847000832|1673|102
1390846976872|1390846963696|1746|102
1390846976872|1390846961392|1746|101
1390846976872|1390846981856|1746|108
1390846976872|1390846989376|1746|106
1390846976872|1390846949600|1746|104
1390846976872|1390846951056|1746|103
1390846976872|1390846999040|1746|102
1390846976904|1390846978352|1747|104
1390846976904|1390846966480|1747|103
1390846976904|1390846963696|1747|102
1390846976904|1390846963696|1747|102
1390846976904|1390846961392|1747|101
1390846976904|1390846981856|1747|108
1390846976904|1390846989376|1747|106
1390846976904|1390846993664|1747|104
1390846976904|1390846969424|1747|106
1390846976904|1390846990352|1747|108
1390846976904|1390846983872|1747|103
1390846976936|1390846956080|1748|101
1390846976936|1390846963760|1748|102
1390846976968|1390846966512|1749|103
1390846976968|1390846965584|1749|101
1390846977000|1390846995600|1750|107
1390846977000|1390846981920|1750|102
1390846977000|1390846961104|1750|101
1390846977000|1390847003296|1750|102
1390846977000|1390847003296|1750|102
1390846977064|1390846980096|1752|104
1390846977064|1390846963696|1752|104
1390846977064|1390846985632|1752|106
1390846977096|1390847003392|1753|102
1390846977160|1390846950352|1755|104
1390846977160|1390846980960|1755|104
1390846977192|1390847003488|1756|102
1390846977288|1390846980416|1759|102
1390846977288|1390846985344|1759|103
1390846977288|1390846972976|1759|102
1390846977288|1390846980416|1759|102
1390846977288|1390847003584|1759|102
1390846977320|1390846975760|1760|102
1390846977352|1390847003648|1761|102
1390846978504|1390847004800|1797|102
1390846978504|1390846956848|1797|102
1390846978504|1390847004832|1797|102
1390846978504|1390847004800|1797|102
1390846978504|1390846959152|1797|107
1390846978504|1390846989120|1797|102
1390846978536|1390847004832|1798|102
1390846978536|1390846963696|1798|102
1390846978920|1390846991488|1810|104
1390846978952|1390846976400|1811|106
1390846978952|1390846995264|1811|102
1390846979208|1390847005504|1819|102
1390846979208|1390847005504|1819|102
1390846980840|1390846952880|1870|104
1390846981032|1390847007328|1876|102
1390846981064|1390847001888|1877|105
1390846981064|1390847007360|1877|102
1390846981064|1390847007360|1877|102
1390846981064|1390846996288|1877|105
1390846981064|1390846986848|1877|106
1390846981096|1390847007392|1878|102
1390846981096|1390846990384|1878|108
1390846981096|1390846963440|1878|106
1390846981128|1390847007424|1879|102
1390846981128|1390847007424|1879|102
1390846981128|1390847007424|1879|102
1390846981192|1390846966768|1881|102
1390846981192|1390846974512|1881|104
1390846981224|1390847010352|1882|105
1390846981224|1390846958896|1882|103
1390846981224|1390846988608|1882|104
1390846981256|1390847007552|1883|102
1390846981256|1390847007552|1883|102
1390846981256|1390847008160|1883|104
1390846981288|1390846965680|1884|106
1390846981416|1390847007712|1888|102
1390846981864|1390847008160|1902|102
1390846982440|1390847008736|1920|102
1390846982440|1390847008736|1920|102
1390846984168|1390846973456|1974|106
1390846986184|1390847012080|2037|107
1390846986216|1390847012080|2038|107
1390846986216|1390847012528|2038|102
1390846986216|1390847012528|2038|102
1390846986248|1390847012528|2039|102
1390846986728|1390846974736|2054|106
1390846986792|1390847013104|2056|102
1390846986792|1390847013104|2056|102
1390846986824|1390847013104|2057|102
1390846986856|1390846966864|2058|102
1390846986856|1390847013136|2058|102
1390846986856|1390846957712|2058|107
1390846986856|1390847013168|2058|102
1390846986856|1390847013168|2058|102
1390846986856|1390847009088|2058|102
1390846986856|1390847013168|2058|102
1390846986856|1390846979152|2058|106
1390846986984|1390847013296|2062|102
1390846987016|1390847013296|2063|102
1390846987144|1390847013456|2067|102
1390846987144|1390846970832|2067|103
1390846987176|1390846976688|2068|104
1390846987176|1390847007552|2068|102
1390846987176|1390847010384|2068|103
1390846987208|1390846998496|2069|105
1390846987336|1390847013648|2073|102
1390846987336|1390847013648|2073|102
1390846987336|1390846984544|2073|104
1390846987368|1390847013648|2074|102
1390846987368|1390847013648|2074|102
1390846987368|1390847013648|2074|102
1390846987432|1390847008928|2076|101
1390846987464|1390847013744|2077|102
1390846987464|1390846982720|2077|103
1390846987496|1390847013776|2078|102
1390846987528|1390846995264|2079|102
1390846987528|1390847002464|2079|103
1390846987560|1390847013872|2080|102
1390846987560|1390847013872|2080|102
1390846987560|1390846963792|2080|104
1390846987560|1390846963840|2080|107
1390846987624|1390846975280|2082|104
1390846987880|1390847014192|2090|102
1390846987880|1390846973776|2090|101
1390846987880|1390847014192|2090|102
1390846987912|1390847014192|2091|102
1390846987912|1390847014192|2091|102
1390846988040|1390846978912|2095|107
1390846988072|1390846994752|2096|101
1390846988296|1390846983808|2103|107
1390846988296|1390847005440|2103|104
1390846988328|1390847005440|2104|104
1390846988328|1390846999040|2104|102
1390846988360|1390847018096|2105|102
1390846988520|1390847014800|2110|102
1390846988520|1390846991936|2110|101
1390846988552|1390847014864|2111|102
1390846988552|1390847001504|2111|101
1390846988552|1390847014832|2111|102
1390846988552|1390847014832|2111|102
1390846988584|1390847014864|2112|102
1390846988584|1390847014864|2112|102
1390846988584|1390847014864|2112|102
1390846989096|1390847015376|2128|102
1390846989096|1390847015376|2128|102
1390846989096|1390846988096|2128|106
1390846989768|1390846968672|2149|108
1390846989768|1390847000832|2149|106
1390846989768|1390847016048|2149|102
1390846989768|1390847016432|2149|104
1390846989768|1390847016080|2149|102
1390846989800|1390847016080|2150|102
1390846989992|1390847015280|2156|103
1390846990056|1390846988448|2158|108
1390846990088|1390846975696|2159|106
1390846990248|1390847002624|2164|104
1390846990312|1390846967216|2166|105
1390846990664|1390847010448|2177|106
1390846990696|1390846964560|2178|101
1390846990696|1390846972144|2178|104
1390846990696|1390846986656|2178|102
1390846990696|1390847002144|2178|106
1390846990760|1390847017040|2180|102
1390846990760|1390847017040|2180|102
1390846990952|1390847017264|2186|102
1390846990952|1390847017264|2186|102
1390846990984|1390847017264|2187|102
1390846990984|1390847017264|2187|102
1390846991112|1390847017424|2191|102
1390846991112|1390847017424|2191|102
1390846991112|1390847017424|2191|102
1390846991112|1390846969968|2191|102
1390846991112|1390847010480|2191|106
1390846991144|1390847017424|2192|102
1390846991144|1390847017424|2192|102
1390846991144|1390846969968|2192|102
1390846991144|1390847010480|2192|106
1390846991208|1390847017520|2194|102
1390846991208|1390847017520|2194|102
1390846991240|1390847017520|2195|102
1390846991784|1390847018096|2212|102
1390846991784|1390847018096|2212|102
1390846991912|1390847018224|2216|102
1390846992008|1390846979472|2219|103
1390846992200|1390847018512|2225|102
1390846992840|1390847019152|2245|102
1390846992840|1390847019152|2245|102
1390846993032|1390847021616|2251|106
1390846993032|1390846986176|2251|103
1390846993032|1390846997440|2251|106
1390846993096|1390847019408|2253|102
1390846993128|1390847019408|2254|102
1390846993128|1390847019408|2254|102
1390846993576|1390846971456|2268|108
1390846993576|1390847019856|2268|102
1390846993608|1390847019920|2269|102
1390846993608|1390847019920|2269|102
1390846993608|1390847019920|2269|102
1390846993672|1390847019952|2271|102
1390846993672|1390847019952|2271|102
1390846993768|1390847020048|2274|102
1390846993768|1390847010256|2274|105
1390846993800|1390847005408|2275|101
1390846993832|1390847009312|2276|104
1390846993832|1390847020144|2276|102
1390846993832|1390847020144|2276|102
1390846993832|1390847020144|2276|102
1390846993864|1390847020176|2277|102
1390846993864|1390847020144|2277|102
1390846993928|1390846995648|2279|106
1390846994024|1390846975152|2282|104
1390846994088|1390847020400|2284|102
1390846994088|1390847020400|2284|102
1390846994120|1390847020400|2285|102
1390846994120|1390846995008|2285|105
1390846994152|1390847020464|2286|102
1390846994152|1390847020464|2286|102
1390846994152|1390847020464|2286|102
1390846994280|1390847020592|2290|102
1390846994280|1390847020592|2290|102
1390846994312|1390847020592|2291|102
1390846994376|1390846972592|2293|102
1390846994376|1390847001536|2293|103
1390846994376|1390846967184|2293|105
1390846994408|1390847014064|2294|108
1390846994408|1390847020720|2294|102
1390846994408|1390847020720|2294|102
1390846994408|1390846972592|2294|102
1390846994408|1390847001536|2294|103
1390846994504|1390846988448|2297|108
1390846994504|1390846986560|2297|103
1390846994536|1390846970800|2298|103
1390846994536|1390846995920|2298|108
1390846994568|1390846991584|2299|105
1390846994760|1390847024016|2305|103
1390846994760|1390847021072|2305|102
1390846994760|1390846966640|2305|104
1390846994792|1390846988320|2306|105
1390846994792|1390847024048|2306|103
1390846994888|1390846978160|2309|105
1390846994952|1390847021264|2311|102
1390846995048|1390847021360|2314|102
1390846995080|1390847021360|2315|102
1390846995176|1390846978480|2318|106
1390846995208|1390847021520|2319|102
1390846995368|1390847021648|2324|102
1390846995784|1390847010480|2337|106
1390846995784|1390847022096|2337|102
1390846995816|1390847010480|2338|106
1390846995816|1390847022096|2338|102
1390846996008|1390847022320|2344|102
1390846996328|1390847022608|2354|102
1390846997288|1390847023600|2384|102
1390846997288|1390847023600|2384|102
1390846997320|1390847023600|2385|102
1390846997480|1390846976688|2390|104
1390846997480|1390847023792|2390|102
1390846997512|1390846976688|2391|104
1390846997512|1390847023792|2391|102
1390846997544|1390847017520|2392|102
1390846997576|1390847023856|2393|102
1390846997576|1390847017520|2393|102
1390846997704|1390846976816|2397|105
1390846997704|1390847024016|2397|102
1390846997704|1390847024016|2397|102
1390846997704|1390847024016|2397|102
1390846997704|1390847024016|2397|102
1390846997704|1390847024016|2397|102
1390846997704|1390847024016|2397|102
1390846997736|1390847024016|2398|102
1390846997736|1390847024016|2398|102
1390846997864|1390847024176|2402|102
1390846997864|1390847024176|2402|102
1390846997864|1390847024176|2402|102
1390846997864|1390847024176|2402|102
1390846997864|1390847024176|2402|102
1390846997864|1390847024176|2402|102
1390846997896|1390847024176|2403|102
1390846997896|1390847024176|2403|102
1390846997896|1390847024176|2403|102
1390846997896|1390847024176|2403|102
1390846998056|1390847024336|2408|102
1390846998056|1390847024336|2408|102
1390846998056|1390846968384|2408|108
1390846998088|1390847024368|2409|102
1390846998088|1390846968384|2409|108
1390846998280|1390847024560|2415|102
1390846998280|1390846972304|2415|104
1390846998600|1390847024912|2425|102
1390846998600|1390847024912|2425|102
1390846998632|1390847024912|2426|102
1390846998696|1390847025008|2428|102
1390846998696|1390847025008|2428|102
1390846998728|1390846983808|2429|107
1390846998728|1390847025008|2429|102
1390846998728|1390846992672|2429|106
1390846998728|1390847009568|2429|102
1390846998728|1390846976784|2429|103
1390846998760|1390847025072|2430|102
1390846999176|1390847025488|2443|102
1390846999176|1390847025488|2443|102
1390846999176|1390847025488|2443|102
1390846999208|1390847025488|2444|102
1390846999208|1390847025488|2444|102
1390846999368|1390847025680|2449|102
1390846999368|1390847025680|2449|102
1390846999400|1390847025680|2450|102
1390846999464|1390847025776|2452|102
1390846999464|1390847025776|2452|102
1390846999496|1390847025776|2453|102
1390847000008|1390847026320|2469|102
1390847000008|1390847004704|2469|103
1390847000008|1390847026320|2469|102
1390847000040|1390847026320|2470|102
1390847000040|1390847012400|2470|104
1390847000040|1390847026992|2470|104
1390847000040|1390847026352|2470|102
1390847000040|1390847026352|2470|102
1390847000072|1390847026384|2471|102
1390847000072|1390847026384|2471|102
1390847000072|1390847026384|2471|102
1390847000104|1390847026416|2472|102
1390847000104|1390847026416|2472|102
1390847000104|1390847026416|2472|102
1390847000136|1390847026416|2473|102
1390847000232|1390847026544|2476|102
1390847000232|1390847026544|2476|102
1390847000232|1390847026544|2476|102
1390847000232|1390847026544|2476|102
1390847000552|1390846977456|2486|105
1390847000584|1390846977456|2487|105
1390847000584|1390847015344|2487|101
1390847000616|1390846995040|2488|104
1390847000616|1390846986656|2488|102
1390847000616|1390847015344|2488|101
1390847000616|1390847024752|2488|103
1390847000680|1390847009888|2490|106
1390847000680|1390846986880|2490|101
1390847000680|1390847017264|2490|104
1390847000680|1390846984032|2490|102
1390847000680|1390846991616|2490|104
1390847000680|1390847016688|2490|104
1390847000712|1390847027024|2491|102
1390847000712|1390847027024|2491|102
1390847000712|1390847027024|2491|102
1390847000712|1390847027024|2491|102
1390847000712|1390847009888|2491|106
1390847000744|1390847027024|2492|102
1390847000744|1390847027024|2492|102
1390847001096|1390847027408|2503|102
1390847001096|1390847029360|2503|102
1390847001096|1390847027408|2503|102
1390847001096|1390847027408|2503|102
1390847001128|1390847027408|2504|102
1390847001128|1390847029360|2504|102
1390847001128|1390847027440|2504|102
1390847001128|1390847027440|2504|102
1390847001160|1390847027440|2505|102
1390847001160|1390847001248|2505|101
1390847001160|1390847003312|2505|107
1390847001160|1390847027472|2505|102
1390847001160|1390847027472|2505|102
1390847001160|1390847027472|2505|102
1390847001160|1390847027472|2505|102
1390847001288|1390846987584|2509|104
1390847001672|1390847027984|2521|102
1390847001672|1390847027984|2521|102
1390847001672|1390847027984|2521|102
1390847001672|1390846979040|2521|108
1390847001672|1390847027984|2521|102
1390847001704|1390847027984|2522|102
1390847001704|1390847027984|2522|102
1390847001704|1390847028016|2522|102
1390847001704|1390847028016|2522|102
1390847001736|1390846982592|2523|103
1390847001928|1390847028240|2529|102
1390847001928|1390847028240|2529|102
1390847001960|1390847028240|2530|102
1390847002024|1390847028336|2532|102
1390847002408|1390846975856|2544|102
1390847002408|1390847028720|2544|102
1390847002408|1390847028720|2544|102
1390847002408|1390846979840|2544|108
1390847002408|1390847013808|2544|102
1390847002408|1390846992480|2544|102
1390847002440|1390847028720|2545|102
1390847002440|1390846984000|2545|104
1390847002472|1390847028784|2546|102
1390847002472|1390847028752|2546|102
1390847002856|1390846977808|2558|105
1390847002952|1390846974128|2561|103
1390847002952|1390847006336|2561|104
1390847002984|1390846992480|2562|104
1390847002984|1390847021024|2562|108
1390847003048|1390847029360|2564|102
1390847003080|1390847027408|2565|102
1390847003080|1390847029360|2565|102
1390847003080|1390847023088|2565|104
1390847003080|1390847029360|2565|102
1390847003080|1390847029360|2565|102
1390847003080|1390847029360|2565|102
1390847003080|1390847024048|2565|103
1390847003080|1390847030864|2565|103
1390847003112|1390847029392|2566|102
1390847003112|1390847029392|2566|102
1390847003144|1390847029424|2567|102
1390847003208|1390847017008|2569|102
1390847003304|1390847018608|2572|102
1390847003528|1390847010192|2579|102
1390847003528|1390847021136|2579|103
1390847003528|1390847029840|2579|102
1390847003528|1390846997088|2579|104
1390847003560|1390847029872|2580|102
1390847003592|1390847029872|2581|102
1390847003784|1390847025456|2587|104
1390847003784|1390847030064|2587|102
1390847004744|1390846979392|2617|108
1390847004840|1390847031152|2620|102
1390847004840|1390847031152|2620|102
1390847004872|1390847031152|2621|102
1390847004872|1390847031152|2621|102
1390847007336|1390847001280|2698|105
1390847007336|1390846979664|2698|104
1390847008264|1390847032880|2727|106
1390847008520|1390846984384|2735|108
1390847008520|1390847007552|2735|102
1390847008552|1390847004064|2736|106
1390847008840|1390847033584|2745|103
1390847009032|1390847032848|2751|106
1390847009128|1390847015536|2754|102
1390847009128|1390847027408|2754|102
1390847009352|1390847035632|2761|102
1390847009480|1390846982336|2765|102
1390847009672|1390847035984|2771|102
1390847009704|1390847035984|2772|102
1390847009704|1390847035984|2772|102
1390847009736|1390847036016|2773|102
1390847009736|1390847036016|2773|102
1390847010024|1390847030192|2782|103
1390847010088|1390847036400|2784|102
1390847010088|1390847036400|2784|102
1390847010088|1390847036400|2784|102
1390847010120|1390847036400|2785|102
1390847010120|1390847036400|2785|102
1390847010344|1390847036656|2792|102
1390847010344|1390847036656|2792|102
1390847010376|1390847036656|2793|102
1390847010408|1390847036720|2794|102
1390847011176|1390847031888|2818|105
1390847011176|1390847010480|2818|106
1390847011176|1390847037456|2818|102
1390847011880|1390846991312|2840|108
1390847011880|1390847001280|2840|105
1390847011912|1390847038192|2841|102
1390847011912|1390847017840|2841|106
1390847012040|1390847038352|2845|102
1390847012072|1390847038352|2846|102
1390847012168|1390847041280|2849|107
1390847013160|1390847016368|2880|102
1390847013224|1390847026992|2882|104
1390847013704|1390847022128|2897|102
1390847014088|1390847040384|2909|102
1390847015368|1390847014064|2949|101
1390847015464|1390846987552|2952|102
1390847015464|1390847019536|2952|107
1390847015944|1390846992400|2967|108
1390847017160|1390846988320|3005|103
1390847018088|1390846995264|3034|102
1390847018088|1390847037184|3034|108
1390847018536|1390846990688|3048|103
1390847018536|1390847012592|3048|104
1390847018568|1390847024368|3049|102
1390847018600|1390847044896|3050|102
1390847018696|1390847041024|3053|104
1390847018888|1390847042016|3059|105
1390847019336|1390847045632|3073|102
1390847019336|1390847045632|3073|102
1390847019400|1390847021232|3075|102
1390847019624|1390847045920|3082|102
1390847019816|1390847046112|3088|102
1390847019976|1390847009120|3093|101
1390847020264|1390847016976|3102|106
1390847020264|1390847002624|3102|104
1390847021704|1390847048000|3147|102
1390847021768|1390847048064|3149|102
1390847021768|1390847008192|3149|104
1390847021960|1390847022480|3155|103
1390847022824|1390847044992|3182|107
1390847022920|1390847003200|3185|102
1390847022920|1390847001280|3185|105
1390847022920|1390847049216|3185|102
1390847022920|1390847038816|3185|108
1390847024136|1390847050432|3223|102
1390847024872|1390847038816|3246|108
1390847024872|1390847051168|3246|102
1390847024904|1390847010224|3247|102
1390847025096|1390847051392|3253|102
1390847025192|1390846995712|3256|104
1390847025256|1390847051552|3258|102
1390847025256|1390847051552|3258|102
1390847025448|1390847040928|3264|106
1390847025448|1390847051744|3264|102
1390847025640|1390847017840|3270|103
1390847025672|1390846999776|3271|101
1390847025672|1390847051968|3271|102
1390847025672|1390847051968|3271|102
1390847025672|1390847051968|3271|102
1390847025960|1390847052256|3280|102
1390847026664|1390847052960|3302|102
1390847026696|1390847052960|3303|102
1390847026920|1390847007920|3310|108
1390847027432|1390846997552|3326|107
1390847027464|1390846997552|3327|107
1390847027496|1390847053824|3328|102
1390847027528|1390847053824|3329|102
1390847027528|1390847053824|3329|102
1390847027784|1390847054080|3337|102
1390847028328|1390847054624|3354|102
1390847029160|1390847055456|3380|102
1390847029320|1390847055616|3385|102
1390847031784|1390847056352|3462|103
1390847031784|1390847056352|3462|103
1390847031784|1390847009328|3462|108
1390847031784|1390847061200|3462|107
1390847031784|1390847036768|3462|108
1390847031784|1390847056352|3462|103
1390847031816|1390847003584|3463|102
1390847031976|1390847027024|3468|103
1390847032040|1390847044384|3470|101
1390847032040|1390847036304|3470|102
1390847032072|1390847061280|3471|101
1390847032072|1390847035408|3471|105
1390847032104|1390847061280|3472|101
1390847032232|1390847051360|3476|104
1390847032232|1390847026944|3476|107
1390847032424|1390847046400|3482|101
1390847032424|1390847044128|3482|101
1390847032584|1390847010352|3487|103
1390847032616|1390847010352|3488|103
1390847032904|1390847033072|3497|103
1390847032936|1390847026272|3498|107
1390847032936|1390847038032|3498|103
1390847032936|1390847020048|3498|105
1390847032968|1390847060656|3499|108
1390847032968|1390847031344|3499|101
1390847033000|1390847020720|3500|102
1390847033096|1390847057664|3503|103
1390847033672|1390847039920|3521|104
1390847035240|1390847059808|3570|103
1390847035240|1390847059808|3570|103
1390847035400|1390847059968|3575|103
1390847036712|1390847064256|3616|101
1390847036712|1390847022032|3616|103
1390847036744|1390847049440|3617|103
1390847036808|1390847023344|3619|101
1390847036808|1390847035536|3619|106
1390847036840|1390847052720|3620|107
1390847036840|1390847032880|3620|106
1390847036840|1390847061408|3620|103
1390847036840|1390847061408|3620|103
1390847037032|1390847061600|3626|103
1390847037064|1390847061600|3627|103
1390847037224|1390847061792|3632|103
1390847037224|1390847061760|3632|103
1390847037416|1390847052896|3638|102
1390847037512|1390847064144|3641|107
1390847037544|1390847064144|3642|107
1390847037640|1390847031152|3645|106
1390847037672|1390847015760|3646|103
1390847037832|1390847027072|3651|107
1390847037864|1390847027072|3652|107
1390847037896|1390847041952|3653|108
1390847038504|1390847063072|3672|103
1390847038504|1390847063072|3672|103
1390847038632|1390847063200|3676|103
1390847038632|1390847063200|3676|103
1390847038664|1390847026000|3677|106
1390847038664|1390847063200|3677|103
1390847038792|1390847022896|3681|105
1390847038824|1390847055488|3682|105
1390847039016|1390847063584|3688|103
1390847039016|1390847063584|3688|103
1390847039048|1390847063584|3689|103
1390847039112|1390847063680|3691|103
1390847039112|1390847063680|3691|103
1390847039144|1390847063680|3692|103
1390847039176|1390847010416|3693|102
1390847039272|1390847014512|3696|103
1390847039848|1390847041984|3714|103
1390847040136|1390847064704|3723|103
1390847040264|1390847064832|3727|103
1390847040392|1390847046560|3731|104
1390847040392|1390847064960|3731|103
1390847040392|1390847064960|3731|103
1390847040392|1390847068608|3731|104
1390847040392|1390847040096|3731|104
1390847040392|1390847069120|3731|104
1390847040424|1390847064992|3732|103
1390847040424|1390847055872|3732|106
1390847040488|1390847049600|3734|108
1390847040552|1390847062720|3736|105
1390847040552|1390847065120|3736|103
1390847040584|1390847065152|3737|103
1390847040648|1390847070320|3739|103
1390847040744|1390847041920|3742|104
1390847040744|1390847047104|3742|103
1390847040744|1390847049152|3742|106
1390847040776|1390847047104|3743|103
1390847040776|1390847065344|3743|103
1390847040776|1390847065344|3743|103
1390847040776|1390847064976|3743|107
1390847040936|1390847020752|3748|105
1390847040936|1390847020592|3748|102
1390847040936|1390847060224|3748|105
1390847040936|1390847065504|3748|103
1390847040936|1390847065504|3748|103
1390847040936|1390847065504|3748|103
1390847040936|1390847065504|3748|103
1390847040936|1390847060128|3748|105
1390847040936|1390847060128|3748|105
1390847041032|1390847014000|3751|104
1390847041192|1390847014320|3756|103
1390847041256|1390847020816|3758|105
1390847041256|1390847023280|3758|104
1390847041256|1390847036928|3758|108
1390847041416|1390847015152|3763|101
1390847041416|1390847065984|3763|103
1390847041576|1390847066144|3768|103
1390847041576|1390847046240|3768|106
1390847041640|1390847066208|3770|103
1390847041640|1390847066208|3770|103
1390847041640|1390847048800|3770|103
1390847041672|1390847066240|3771|103
1390847041672|1390847066240|3771|103
1390847041672|1390847066240|3771|103
1390847041704|1390847066272|3772|103
1390847041704|1390847066272|3772|103
1390847041992|1390847063280|3781|108
1390847041992|1390847066560|3781|103
1390847041992|1390847066560|3781|103
1390847042024|1390847063280|3782|108
1390847042024|1390847041792|3782|107
1390847042024|1390847026576|3782|103
1390847042184|1390847066752|3787|103
1390847042184|1390847066752|3787|103
1390847042184|1390847069504|3787|104
1390847042216|1390847069504|3788|104
1390847042472|1390847067040|3796|103
1390847042664|1390847019504|3802|108
1390847042792|1390847050784|3806|101
1390847042792|1390847067360|3806|103
1390847042792|1390847067360|3806|103
1390847043080|1390847067648|3815|103
1390847043080|1390847070096|3815|103
1390847043080|1390847067648|3815|103
1390847043112|1390847067680|3816|103
1390847043112|1390847067680|3816|103
1390847043304|1390847067872|3822|103
1390847043304|1390847067872|3822|103
1390847043432|1390847068000|3826|103
1390847043528|1390847068064|3829|103
1390847043528|1390847053376|3829|103
1390847043784|1390847068352|3837|103
1390847043784|1390847068352|3837|103
1390847043816|1390847068352|3838|103
1390847044008|1390847068576|3844|103
1390847044008|1390847068576|3844|103
1390847044104|1390847068672|3847|103
1390847044136|1390847071856|3848|108
1390847044360|1390847073360|3855|104
1390847044360|1390847068928|3855|103
1390847044392|1390847068928|3856|103
1390847044424|1390847068992|3857|103
1390847044552|1390847031056|3861|103
1390847044552|1390847069120|3861|103
1390847044616|1390847066464|3863|101
1390847044616|1390847073872|3863|108
1390847044808|1390847030448|3869|103
1390847044808|1390847069376|3869|103
1390847044808|1390847032048|3869|101
1390847044840|1390847069408|3870|103
1390847044840|1390847069408|3870|103
1390847044968|1390847032848|3874|106
1390847044968|1390847034128|3874|101
1390847044968|1390847037136|3874|103
1390847044968|1390847065376|3874|102
1390847045160|1390847069728|3880|103
1390847045160|1390847069728|3880|103
1390847045192|1390847069760|3881|103
1390847045192|1390847069760|3881|103
1390847045192|1390847069728|3881|103
1390847045320|1390847069888|3885|103
1390847045352|1390847069888|3886|103
1390847045992|1390847046304|3906|106
1390847045992|1390847050016|3906|102
1390847048584|1390847037408|3987|108
1390847048584|1390847040704|3987|103
1390847049000|1390847027760|4000|103
1390847049032|1390847073616|4001|103
1390847049064|1390847073616|4002|103
1390847049064|1390847073616|4002|103
1390847049064|1390847073616|4002|103
1390847049064|1390847063552|4002|103
1390847049096|1390847073648|4003|103
1390847049096|1390847078192|4003|106
1390847049096|1390847049376|4003|101
1390847049096|1390847055744|4003|106
1390847049128|1390847038848|4004|108
1390847049128|1390847070448|4004|106
1390847049128|1390847073680|4004|103
1390847049128|1390847073680|4004|103
1390847049128|1390847070448|4004|106
1390847049128|1390847046944|4004|103
1390847049128|1390847038672|4004|104
1390847049128|1390847073680|4004|103
1390847049128|1390847025008|4004|106
1390847049160|1390847073712|4005|103
1390847049160|1390847073712|4005|103
1390847049160|1390847073712|4005|103
1390847049160|1390847025008|4005|106
1390847049160|1390847059168|4005|102
1390847049160|1390847043392|4005|106
1390847049160|1390847074256|4005|106
1390847049192|1390847073744|4006|103
1390847049192|1390847073744|4006|103
1390847049192|1390847073744|4006|103
1390847049192|1390847073776|4006|103
1390847049192|1390847075824|4006|106
1390847049192|1390847049024|4006|107
1390847049224|1390847073776|4007|103
1390847049224|1390847073776|4007|103
1390847049224|1390847073776|4007|103
1390847049224|1390847073776|4007|103
1390847049224|1390847073776|4007|103
1390847049832|1390847025104|4026|105
1390847049832|1390847074384|4026|103
1390847049864|1390847074416|4027|103
1390847049864|1390847074416|4027|103
1390847049864|1390847074416|4027|103
1390847049864|1390847074416|4027|103
1390847049864|1390847074416|4027|103
1390847049896|1390847064656|4028|108
1390847049896|1390847034640|4028|101
1390847049896|1390847074448|4028|103
1390847049928|1390847074480|4029|103
1390847050152|1390847074704|4036|103
1390847050184|1390847052912|4037|107
1390847050376|1390847040416|4043|106
1390847050376|1390847074928|4043|103
1390847051624|1390847076176|4082|103
1390847051656|1390847076208|4083|103
1390847051656|1390847062912|4083|102
1390847051912|1390847046784|4091|108
1390847052776|1390847077328|4118|103
1390847052776|1390847077328|4118|103
1390847052904|1390847077488|4122|103
1390847052904|1390847036928|4122|108
1390847052936|1390847077488|4123|103
1390847052936|1390847077488|4123|103
1390847053096|1390847077648|4128|103
1390847053096|1390847057760|4128|104
1390847053192|1390847077744|4131|103
1390847053192|1390847077744|4131|103
1390847053256|1390847077808|4133|103
1390847053256|1390847077808|4133|103
1390847053256|1390847077808|4133|103
1390847053288|1390847083056|4134|103
1390847053384|1390847077936|4137|103
1390847053384|1390847077936|4137|103
1390847053384|1390847077936|4137|103
1390847053480|1390847074320|4140|104
1390847053608|1390847078160|4144|103
1390847053608|1390847078160|4144|103
1390847053640|1390847078160|4145|103
1390847053640|1390847078192|4145|103
1390847053640|1390847078192|4145|103
1390847053768|1390847078320|4149|103
1390847053768|1390847072560|4149|108
1390847054184|1390847046720|4162|105
1390847054184|1390847078736|4162|103
1390847054184|1390847066288|4162|107
1390847054440|1390847078992|4170|103
1390847054440|1390847078992|4170|103
1390847054440|1390847078992|4170|103
1390847054440|1390847081680|4170|101
1390847054472|1390847051824|4171|108
1390847054632|1390847079184|4176|103
1390847055016|1390847079568|4188|103
1390847055016|1390847079568|4188|103
1390847055048|1390847062176|4189|105
1390847055048|1390847083312|4189|106
1390847055080|1390847046560|4190|101
1390847055144|1390847075920|4192|104
1390847055144|1390847079696|4192|103
1390847055176|1390847073680|4193|103
1390847055176|1390847070768|4193|101
1390847055176|1390847051648|4193|104
1390847055208|1390847047136|4194|103
1390847055208|1390847079760|4194|103
1390847055240|1390847083344|4195|106
1390847055240|1390847032848|4195|106
1390847055336|1390847079920|4198|103
1390847055368|1390847079920|4199|103
1390847055368|1390847079920|4199|103
1390847055368|1390847039488|4199|108
1390847055464|1390847080016|4202|103
1390847055464|1390847080016|4202|103
1390847055496|1390847080048|4203|103
1390847055560|1390847042784|4205|108
1390847055880|1390847082576|4215|103
1390847055880|1390847050880|4215|103
1390847055912|1390847080464|4216|103
1390847056296|1390847080848|4228|103
1390847056296|1390847027984|4228|102
1390847056296|1390847080880|4228|103
1390847056328|1390847080912|4229|103
1390847056360|1390847080912|4230|103
1390847056360|1390847080912|4230|103
1390847056360|1390847080912|4230|103
1390847056360|1390847080912|4230|103
1390847056616|1390847081168|4238|103
1390847056616|1390847060512|4238|101
1390847056616|1390847081168|4238|103
1390847056744|1390847057312|4242|106
1390847056808|1390847081360|4244|103
1390847056808|1390847081360|4244|103
1390847057128|1390847070288|4254|102
1390847057320|1390847081904|4260|103
1390847057320|1390847081904|4260|103
1390847057352|1390847081904|4261|103
1390847057352|1390847081904|4261|103
1390847057448|1390847082000|4264|103
1390847057448|1390847082000|4264|103
1390847057448|1390847082000|4264|103
1390847057800|1390847068352|4275|103
1390847057800|1390847042976|4275|101
1390847057800|1390847082352|4275|103
1390847057800|1390847082352|4275|103
1390847057800|1390847082352|4275|103
1390847057864|1390847082416|4277|103
1390847058088|1390847051984|4284|107
1390847058088|1390847082672|4284|103
1390847058088|1390847082640|4284|103
1390847058088|1390847082640|4284|103
1390847058120|1390847082672|4285|103
1390847058120|1390847051984|4285|107
1390847058120|1390847082672|4285|103
1390847058152|1390847082704|4286|103
1390847058152|1390847082704|4286|103
1390847058152|1390847082704|4286|103
1390847058376|1390847082960|4293|103
1390847058408|1390847082960|4294|103
1390847058408|1390847082960|4294|103
1390847058408|1390847082960|4294|103
1390847058504|1390847083056|4297|103
1390847058504|1390847048640|4297|107
1390847058664|1390847083216|4302|103
1390847058728|1390847083280|4304|103
1390847058728|1390847083280|4304|103
1390847058728|1390847079920|4304|102
1390847058760|1390847083312|4305|103
1390847058760|1390847032048|4305|104
1390847058760|1390847083312|4305|103
1390847058824|1390847083376|4307|103
1390847058824|1390847063168|4307|104
1390847058824|1390847046400|4307|101
1390847058856|1390847084928|4308|108
1390847058888|1390847058960|4309|108
1390847058920|1390847083472|4310|103
1390847059816|1390847084368|4338|103
1390847059816|1390847084368|4338|103
1390847060008|1390847084592|4344|103
1390847060040|1390847084592|4345|103
1390847060200|1390847084752|4350|103
1390847060200|1390847084752|4350|103
1390847060488|1390847082640|4359|102
1390847060584|1390847049408|4362|101
1390847060584|1390847052448|4362|102
1390847060616|1390847085168|4363|103
1390847060616|1390847071600|4363|107
1390847060648|1390847071600|4364|107
1390847060936|1390847068832|4373|105
1390847060936|1390847038928|4373|104
1390847060936|1390847037872|4373|104
1390847060968|1390847068800|4374|101
1390847061256|1390847043808|4383|105
1390847061448|1390847086000|4389|103
1390847061768|1390847079184|4399|102
1390847061928|1390847086480|4404|103
1390847062088|1390847086672|4409|103
1390847062184|1390847086768|4412|103
1390847062216|1390847086768|4413|103
1390847062312|1390847051984|4416|107
1390847062440|1390847039920|4420|104
1390847062440|1390847079984|4420|106
1390847062504|1390847048512|4422|102
1390847062504|1390847055808|4422|106
1390847063176|1390847042432|4443|104
1390847063176|1390847083312|4443|106
1390847063208|1390847042432|4444|104
1390847063208|1390847083312|4444|106
1390847063304|1390847087888|4447|103
1390847063720|1390847064288|4460|103
1390847063720|1390847038032|4460|103
1390847063720|1390847067392|4460|103
1390847063912|1390847088464|4466|103
1390847063912|1390847088464|4466|103
1390847067752|1390847050544|4586|108
1390847067784|1390847077296|4587|108
1390847067784|1390847048640|4587|106
1390847067784|1390847043904|4587|101
1390847067784|1390847045056|4587|108
1390847067784|1390847084896|4587|108
1390847067816|1390847044128|4588|103
1390847068296|1390847044064|4603|105
1390847068296|1390847092256|4603|107
1390847068296|1390847067888|4603|108
1390847068328|1390847051968|4604|104
1390847068360|1390847040672|4605|104
1390847068392|1390847076112|4606|104
1390847068744|1390847078192|4617|106
1390847068744|1390847040256|4617|104
1390847068776|1390847058208|4618|105
1390847069256|1390847086304|4633|108
1390847069256|1390847094672|4633|106
1390847070760|1390847077456|4680|103
1390847070760|1390847051984|4680|107
1390847070760|1390847089488|4680|106
1390847070760|1390847075536|4680|108
1390847070792|1390847078160|4681|106
1390847070792|1390847078928|4681|106
1390847070792|1390847084368|4681|106
1390847070824|1390847046240|4682|106
1390847070824|1390847053824|4682|102
1390847071816|1390847096688|4713|104
1390847071816|1390847041984|4713|103
1390847071848|1390847041984|4714|103
1390847071848|1390847059840|4714|104
1390847071848|1390847081808|4714|104
1390847071848|1390847042016|4714|103
1390847071944|1390847086256|4717|104
1390847071976|1390847076464|4718|105
1390847072040|1390847073904|4720|107
1390847072264|1390847049536|4727|103
1390847072488|1390847066912|4734|102
1390847072552|1390847049088|4736|104
1390847072584|1390847101792|4737|101
1390847072584|1390847061472|4737|106
1390847073352|1390847092704|4761|107
1390847073416|1390847068944|4763|107
1390847074184|1390847078672|4787|105
1390847074184|1390847085392|4787|104
1390847074216|1390847078672|4788|105
1390847074728|1390847045600|4804|107
1390847074760|1390847048416|4805|104
1390847074760|1390847057600|4805|104
1390847074760|1390847083920|4805|101
1390847074760|1390847061760|4805|106
1390847074760|1390847073712|4805|108
1390847074760|1390847093360|4805|101
1390847074760|1390847078160|4805|106
1390847074760|1390847104032|4805|106
1390847074792|1390847094768|4806|106
1390847074792|1390847078160|4806|106
1390847074792|1390847104032|4806|106
1390847074824|1390847051168|4807|102
1390847074824|1390847101792|4807|101
1390847075144|1390847103552|4817|106
1390847075176|1390847103552|4818|106
1390847075560|1390847070928|4830|104
1390847075592|1390847070928|4831|104
1390847075688|1390847091792|4834|104
1390847075688|1390847065312|4834|104
1390847076072|1390847105504|4846|106
1390847076232|1390847098896|4851|101
1390847076264|1390847056576|4852|101
1390847076264|1390847100608|4852|104
1390847076680|1390847054144|4865|105
1390847076680|1390847070384|4865|107
1390847076680|1390847072752|4865|101
1390847076680|1390847070384|4865|107
1390847076680|1390847097888|4865|108
1390847076712|1390847105696|4866|102
1390847076712|1390847058784|4866|106
1390847076712|1390847093680|4866|106
1390847076712|1390847053376|4866|104
1390847076872|1390847079056|4871|105
1390847076872|1390847068576|4871|102
1390847076872|1390847090080|4871|108
1390847076904|1390847079056|4872|105
1390847077320|1390847070896|4885|101
1390847077320|1390847094768|4885|106
1390847077352|1390847055296|4886|104
1390847077704|1390847058960|4897|108
1390847077768|1390847063392|4899|105
1390847078088|1390847096656|4909|104
1390847078120|1390847057280|4910|106
1390847078152|1390847082096|4911|104
1390847078152|1390847107904|4911|103
1390847078952|1390847065216|4936|106
1390847079112|1390847098672|4941|101
1390847079112|1390847103744|4941|105
1390847079304|1390847100768|4947|104
1390847079400|1390847088464|4950|105
1390847079784|1390847091152|4962|101
1390847079816|1390847053184|4963|102
1390847079816|1390847077168|4963|107
1390847079944|1390847078800|4967|104
1390847080040|1390847109792|4970|101
1390847080040|1390847109792|4970|101
1390847080072|1390847100864|4971|101
1390847081128|1390847071120|5004|105
1390847081128|1390847054944|5004|106
1390847081128|1390847075760|5004|106
1390847081128|1390847097168|5004|101
1390847081128|1390847095008|5004|108
1390847081128|1390847078928|5004|106
1390847081128|1390847084368|5004|106
1390847081160|1390847074256|5005|106
1390847081160|1390847056032|5005|102
1390847081192|1390847094192|5006|101
1390847081224|1390847096496|5007|105
1390847081224|1390847065216|5007|101
1390847081384|1390847090256|5012|106
1390847081384|1390847079248|5012|106
1390847081384|1390847066240|5012|103
1390847081384|1390847066960|5012|108
1390847081416|1390847092528|5013|102
1390847081608|1390847061360|5019|107
1390847081960|1390847077808|5030|104
1390847082728|1390847057872|5054|108
1390847082952|1390847077744|5061|103
1390847083080|1390847084848|5065|104
1390847083112|1390847109952|5066|103
1390847083240|1390847057696|5070|103
1390847083336|1390847100352|5073|102
1390847083368|1390847092800|5074|107
1390847083368|1390847100352|5074|102
1390847083720|1390847081040|5085|104
1390847083720|1390847090352|5085|101
1390847083848|1390847084400|5089|103
1390847083880|1390847099344|5090|104
1390847083912|1390847097392|5091|103
1390847084776|1390847097776|5118|106
1390847084776|1390847057712|5118|108
1390847084776|1390847061472|5118|106
1390847084776|1390847114368|5118|104
1390847084776|1390847081984|5118|107
1390847084808|1390847114400|5119|104
1390847084808|1390847080704|5119|108
1390847084808|1390847109760|5119|108
1390847084840|1390847067888|5120|108
1390847084872|1390847081712|5121|103
1390847084936|1390847058896|5123|107
1390847085032|1390847061168|5126|107
1390847085064|1390847099312|5127|101
1390847085512|1390847076016|5141|108
1390847085800|1390847102464|5150|103
1390847085832|1390847080544|5151|107
1390847085832|1390847068800|5151|101
1390847085864|1390847114160|5152|108
1390847085864|1390847062176|5152|105
1390847086088|1390847062880|5159|105
1390847086088|1390847061568|5159|103
1390847086184|1390847061264|5162|107
1390847086184|1390847056576|5162|101
1390847086216|1390847115616|5163|106
1390847086248|1390847061952|5164|104
1390847086280|1390847085168|5165|102
1390847086376|1390847071984|5168|102
1390847086696|1390847079504|5178|105
1390847088328|1390847086512|5229|106
1390847088616|1390847113152|5238|101
1390847089000|1390847103520|5250|106
1390847089320|1390847075024|5260|107
1390847089320|1390847059872|5260|102
1390847089448|1390847099568|5264|106
1390847089640|1390847111456|5270|104
1390847089640|1390847119296|5270|104
1390847091112|1390847114928|5316|107
1390847091144|1390847074256|5317|106
1390847091144|1390847086592|5317|107
1390847091144|1390847071504|5317|104
1390847091144|1390847094448|5317|106
1390847091176|1390847094448|5318|106
1390847091656|1390847095008|5333|108
1390847091656|1390847096400|5333|104
1390847091688|1390847075504|5334|108
1390847091688|1390847091152|5334|101
1390847091720|1390847081648|5335|102
1390847092136|1390847117008|5348|108
1390847092968|1390847080592|5374|102
1390847092968|1390847112960|5374|101
1390847093000|1390847080592|5375|102
1390847093000|1390847112960|5375|101
1390847093224|1390847068160|5382|106
1390847093224|1390847116320|5382|106
1390847093224|1390847093184|5382|108
1390847093224|1390847121920|5382|104
1390847093224|1390847071024|5382|102
1390847093256|1390847098032|5383|101
1390847093256|1390847118672|5383|107
1390847093256|1390847077712|5383|105
1390847093288|1390847079152|5384|104
1390847093768|1390847084032|5399|108
1390847094088|1390847070960|5409|101
1390847094440|1390847096144|5420|104
1390847094824|1390847085232|5432|106
1390847094824|1390847098864|5432|101
1390847094824|1390847115872|5432|101
1390847094856|1390847067776|5433|106
1390847095208|1390847083280|5444|103
1390847095240|1390847123456|5445|106
1390847095240|1390847124064|5445|106
1390847095400|1390847070128|5450|106
1390847096040|1390847108256|5470|104
1390847096040|1390847121440|5470|104
1390847096296|1390847068160|5478|106
1390847096296|1390847103808|5478|102
1390847096296|1390847103808|5478|102
1390847096296|1390847094800|5478|106
1390847096328|1390847070064|5479|103
1390847096360|1390847088912|5480|105
1390847096360|1390847073040|5480|107
1390847097928|1390847110256|5529|108
1390847097928|1390847123376|5529|108
1390847098344|1390847094896|5542|101
1390847098568|1390847113536|5549|105
1390847098792|1390847124928|5556|104
1390847098856|1390847126528|5558|102
1390847098856|1390847124960|5558|105
1390847098888|1390847073392|5559|104
1390847099464|1390847127136|5577|102
1390847100104|1390847089552|5597|105
1390847100744|1390847075824|5617|106
1390847100744|1390847119728|5617|108
1390847102248|1390847130608|5664|104
1390847102280|1390847110096|5665|108
1390847102280|1390847103296|5665|107
1390847102568|1390847114384|5674|108
1390847102920|1390847096464|5685|104
1390847103944|1390847075760|5717|106
1390847103944|1390847131024|5717|106
1390847103944|1390847077104|5717|107
1390847103944|1390847079920|5717|106
1390847103944|1390847110496|5717|101
1390847103976|1390847091152|5718|101
1390847104456|1390847096144|5733|104
1390847104488|1390847096144|5734|104
1390847104584|1390847096272|5737|104
1390847104616|1390847096272|5738|104
1390847104968|1390847111456|5749|104
1390847104968|1390847119296|5749|104
1390847104968|1390847091792|5749|104
1390847105000|1390847089648|5750|105
1390847105608|1390847115520|5769|101
1390847105608|1390847083312|5769|106
1390847105672|1390847096272|5771|101
1390847106088|1390847078160|5784|106
1390847107048|1390847098512|5814|106
1390847107048|1390847135696|5814|106
1390847107080|1390847083664|5815|104
1390847107080|1390847114928|5815|107
1390847107080|1390847116560|5815|107
1390847107080|1390847090624|5815|108
1390847107080|1390847093040|5815|102
1390847107144|1390847099568|5817|104
1390847107176|1390847135888|5818|104
1390847107176|1390847132592|5818|104
1390847107176|1390847112096|5818|103
1390847107208|1390847100160|5819|102
1390847107208|1390847090224|5819|106
1390847107400|1390847099024|5825|102
1390847107400|1390847100352|5825|104
1390847107432|1390847088464|5826|105
1390847107496|1390847109600|5828|103
1390847107496|1390847096496|5828|105
1390847107496|1390847135696|5828|105
1390847108008|1390847097008|5844|105
1390847108008|1390847081840|5844|101
1390847114984|1390847129248|6062|102
1390847115016|1390847100416|6063|105
1390847115048|1390847105696|6064|108
1390847115048|1390847117088|6064|106
1390847115080|1390847127808|6065|102
1390847115080|1390847103552|6065|101
1390847115080|1390847124960|6065|101
1390847115112|1390847143280|6066|105
1390847115112|1390847143280|6066|105
1390847115112|1390847143952|6066|102
1390847115112|1390847097168|6066|101
1390847115112|1390847129088|6066|103
1390847115112|1390847119648|6066|105
1390847115112|1390847126976|6066|105
1390847115112|1390847101760|6066|101
1390847115112|1390847130800|6066|108
1390847115144|1390847096720|6067|104
1390847115144|1390847105408|6067|108
1390847115144|1390847136624|6067|103
1390847115144|1390847101344|6067|106
1390847115144|1390847143280|6067|105
1390847115144|1390847107104|6067|101
1390847115144|1390847124896|6067|101
1390847115176|1390847087440|6068|101
1390847115176|1390847090496|6068|108
1390847115176|1390847143344|6068|105
1390847115176|1390847093776|6068|104
1390847115176|1390847114128|6068|108
1390847115176|1390847093936|6068|101
1390847115208|1390847093936|6069|101
1390847115272|1390847143472|6071|105
1390847115272|1390847143472|6071|105
1390847115304|1390847114256|6072|108
1390847115336|1390847143536|6073|105
1390847115368|1390847143536|6074|105
1390847115464|1390847142560|6077|107
1390847115496|1390847142560|6078|107
1390847124232|1390847152400|6351|105
1390847124488|1390847152688|6359|105
1390847125320|1390847110720|6385|104
1390847125320|1390847153520|6385|105
1390847126248|1390847120864|6414|106
1390847126280|1390847120864|6415|106
1390847127496|1390847155696|6453|105
1390847127496|1390847154608|6453|104
1390847127496|1390847155696|6453|105
1390847127496|1390847132624|6453|106
1390847127496|1390847122592|6453|103
1390847127528|1390847122592|6454|103
1390847127528|1390847155728|6454|105
1390847127528|1390847155728|6454|105
1390847127528|1390847155728|6454|105
1390847127560|1390847155728|6455|105
1390847127624|1390847155824|6457|105
1390847127624|1390847155824|6457|105
1390847127656|1390847155824|6458|105
1390847127656|1390847155856|6458|105
1390847127656|1390847129120|6458|103
1390847127720|1390847151424|6460|108
1390847127720|1390847155920|6460|105
1390847127720|1390847155920|6460|105
1390847127752|1390847151424|6461|108
1390847127816|1390847114304|6463|101
1390847127816|1390847108704|6463|108
1390847127944|1390847156144|6467|105
1390847128040|1390847098416|6470|104
1390847128040|1390847128352|6470|105
1390847128040|1390847156240|6470|105
1390847128072|1390847136016|6471|103
1390847128328|1390847145072|6479|104
1390847128552|1390847119552|6486|101
1390847128808|1390847157008|6494|105
1390847129000|1390847157200|6500|105
1390847129032|1390847157200|6501|105
1390847129352|1390847107104|6511|104
1390847129384|1390847105344|6512|101
1390847129384|1390847119552|6512|101
1390847129384|1390847106176|6512|104
1390847129384|1390847129088|6512|103
1390847130792|1390847158992|6556|105
1390847130792|1390847158992|6556|105
1390847130792|1390847158992|6556|105
1390847130792|1390847158992|6556|105
1390847131528|1390847159728|6579|105
1390847131528|1390847156400|6579|105
1390847131528|1390847159728|6579|105
1390847131528|1390847139632|6579|103
1390847131528|1390847143312|6579|105
1390847131560|1390847130864|6580|108
1390847131880|1390847160096|6590|105
1390847131912|1390847160096|6591|105
1390847131912|1390847160096|6591|105
1390847133224|1390847114368|6632|104
1390847133224|1390847159328|6632|107
1390847133224|1390847123520|6632|104
1390847133224|1390847162784|6632|102
1390847133352|1390847121872|6636|107
1390847133384|1390847161568|6637|105
1390847133800|1390847161984|6650|105
1390847133928|1390847154800|6654|106
1390847133928|1390847159328|6654|107
1390847133928|1390847127968|6654|106
1390847133960|1390847162144|6655|105
1390847133960|1390847162144|6655|105
1390847133960|1390847159328|6655|107
1390847134376|1390847140736|6668|107
1390847135304|1390847163936|6697|106
1390847135304|1390847141808|6697|104
1390847135304|1390847162944|6697|103
1390847135304|1390847155760|6697|102
1390847135336|1390847130256|6698|102
1390847135336|1390847155840|6698|108
1390847135688|1390847148080|6709|103
1390847135688|1390847125184|6709|103
1390847135720|1390847146672|6710|104
1390847135720|1390847121360|6710|108
1390847135720|1390847144720|6710|104
1390847135720|1390847154800|6710|106
1390847135720|1390847125184|6710|103
1390847135720|1390847130128|6710|105
1390847135720|1390847153568|6710|107
1390847135752|1390847163936|6711|105
1390847135752|1390847135888|6711|104
1390847135752|1390847139792|6711|107
1390847135752|1390847121088|6711|106
1390847135752|1390847130352|6711|104
1390847135752|1390847130288|6711|102
1390847135784|1390847163968|6712|105
1390847135784|1390847137904|6712|104
1390847135880|1390847164064|6715|105
1390847135880|1390847164064|6715|105
1390847135880|1390847164064|6715|105
1390847135912|1390847164096|6716|105
1390847135912|1390847164096|6716|105
1390847136040|1390847145744|6720|102
1390847136040|1390847164224|6720|105
1390847136104|1390847164288|6722|105
1390847136104|1390847164288|6722|105
1390847136552|1390847116128|6736|104
1390847136680|1390847164864|6740|105
1390847137096|1390847109216|6753|105
1390847138152|1390847130224|6786|102
1390847138184|1390847166368|6787|105
1390847138184|1390847166368|6787|105
1390847138184|1390847166368|6787|105
1390847139976|1390847168160|6843|105
1390847140008|1390847168160|6844|105
1390847140264|1390847156672|6852|107
1390847140296|1390847114656|6853|104
1390847140296|1390847133072|6853|108
1390847140296|1390847110448|6853|108
1390847140296|1390847168480|6853|105
1390847140296|1390847143472|6853|105
1390847140360|1390847168544|6855|105
1390847140616|1390847120240|6863|107
1390847140680|1390847118976|6865|104
1390847140712|1390847168896|6866|105
1390847140712|1390847118176|6866|103
1390847140712|1390847145152|6866|107
1390847140712|1390847162592|6866|108
1390847141096|1390847146928|6878|104
1390847141128|1390847131376|6879|107
1390847141992|1390847170208|6906|105
1390847141992|1390847170176|6906|105
1390847141992|1390847170176|6906|105
1390847141992|1390847170176|6906|105
1390847142024|1390847170208|6907|105
1390847142024|1390847170208|6907|105
1390847142024|1390847170208|6907|105
1390847142024|1390847170208|6907|105
1390847142024|1390847170208|6907|105
1390847142184|1390847170400|6912|105
1390847142184|1390847170400|6912|105
1390847142216|1390847128608|6913|105
1390847142216|1390847170400|6913|105
1390847142216|1390847170400|6913|105
1390847142216|1390847170400|6913|105
1390847142248|1390847170432|6914|105
1390847142408|1390847119152|6919|107
1390847142440|1390847134448|6920|104
1390847142568|1390847159728|6924|105
1390847142568|1390847170784|6924|105
1390847142600|1390847170784|6925|105
1390847142600|1390847170784|6925|105
1390847142600|1390847170784|6925|105
1390847142600|1390847170784|6925|105
1390847142632|1390847170816|6926|105
1390847143016|1390847166368|6938|103
1390847143016|1390847147408|6938|104
1390847143176|1390847166336|6943|105
1390847143176|1390847170592|6943|104
1390847143208|1390847171392|6944|105
1390847143208|1390847171392|6944|105
1390847143496|1390847171680|6953|105
1390847143496|1390847171680|6953|105
1390847143528|1390847171712|6954|105
1390847143528|1390847120384|6954|104
1390847143528|1390847128256|6954|102
1390847143528|1390847171712|6954|105
1390847143688|1390847171872|6959|105
1390847144424|1390847117776|6982|108
1390847144456|1390847117776|6983|108
1390847144936|1390847127408|6998|108
1390847144968|1390847169856|6999|104
1390847144968|1390847136048|6999|104
1390847144968|1390847127408|6999|108
1390847144968|1390847173152|6999|105
1390847144968|1390847173152|6999|105
1390847144968|1390847168416|6999|106
1390847145000|1390847168416|7000|106
1390847145000|1390847167776|7000|103
1390847145000|1390847173184|7000|105
1390847145000|1390847173184|7000|105
1390847145192|1390847173376|7006|105
1390847145800|1390847158096|7025|103
1390847145800|1390847163968|7025|105
1390847145832|1390847174016|7026|105
1390847145864|1390847174048|7027|105
1390847145864|1390847172832|7027|105
1390847146408|1390847174592|7044|105
1390847146408|1390847138064|7044|107
1390847146408|1390847174592|7044|105
1390847146504|1390847120240|7047|107
1390847146664|1390847174848|7052|105
1390847147688|1390847175872|7084|105
1390847147688|1390847175872|7084|105
1390847147688|1390847132432|7084|104
1390847147688|1390847175872|7084|105
1390847147688|1390847155856|7084|105
1390847147720|1390847132432|7085|104
1390847147720|1390847175872|7085|105
1390847148136|1390847148512|7098|107
1390847148328|1390847176512|7104|105
1390847148520|1390847147920|7110|103
1390847148648|1390847156912|7114|103
1390847148712|1390847155248|7116|102
1390847148712|1390847136752|7116|107
1390847148744|1390847176928|7117|105
1390847149256|1390847162656|7133|103
1390847149288|1390847177472|7134|105
1390847149384|1390847177600|7137|105
1390847149384|1390847149072|7137|104
1390847149416|1390847177600|7138|105
1390847149416|1390847177600|7138|105
1390847149416|1390847177600|7138|105
1390847149672|1390847137904|7146|104
1390847149704|1390847177888|7147|105
1390847149704|1390847177888|7147|105
1390847149704|1390847135984|7147|102
1390847149736|1390847177920|7148|105
1390847149864|1390847124544|7152|103
1390847150312|1390847123376|7166|108
1390847150312|1390847161152|7166|108
1390847150344|1390847178528|7167|105
1390847150376|1390847154976|7168|108
1390847150408|1390847174096|7169|108
1390847150408|1390847166656|7169|104
1390847150440|1390847146192|7170|102
1390847150440|1390847163808|7170|103
1390847150440|1390847180416|7170|103
1390847150440|1390847178624|7170|105
1390847150472|1390847146192|7171|102
1390847150536|1390847166144|7173|106
1390847150536|1390847131696|7173|105
1390847150568|1390847178752|7174|105
1390847150568|1390847178752|7174|105
1390847150568|1390847126080|7174|102
1390847150568|1390847148720|7174|102
1390847150568|1390847178752|7174|105
1390847150600|1390847126080|7175|102
1390847150600|1390847148720|7175|102
1390847150600|1390847120992|7175|102
1390847150824|1390847179008|7182|105
1390847150920|1390847173152|7185|105
1390847150920|1390847124416|7185|103
1390847150952|1390847156496|7186|104
1390847151016|1390847179232|7188|105
1390847151048|1390847179232|7189|105
1390847151048|1390847179232|7189|105
1390847151080|1390847179264|7190|105
1390847151272|1390847179456|7196|105
1390847151272|1390847179456|7196|105
1390847151720|1390847146752|7210|108
1390847151720|1390847179904|7210|105
1390847151816|1390847137904|7213|104
1390847151816|1390847180032|7213|105
1390847151848|1390847166336|7214|103
1390847151848|1390847137904|7214|104
1390847151848|1390847180032|7214|105
1390847151848|1390847154944|7214|108
1390847151880|1390847137872|7215|107
1390847151880|1390847170224|7215|108
1390847151880|1390847165984|7215|102
1390847152168|1390847180352|7224|105
1390847152168|1390847180352|7224|105
1390847152680|1390847180864|7240|105
1390847152680|1390847180864|7240|105
1390847153096|1390847154960|7253|102
1390847153800|1390847140592|7275|102
1390847154152|1390847128352|7286|103
1390847154152|1390847174672|7286|107
1390847154152|1390847142560|7286|107
1390847154152|1390847180416|7286|103
1390847154152|1390847182336|7286|105
1390847154184|1390847132432|7287|104
1390847155176|1390847180288|7318|103
1390847155176|1390847183360|7318|105
1390847155176|1390847183360|7318|105
1390847155208|1390847183392|7319|105
1390847155208|1390847169184|7319|108
1390847155240|1390847183456|7320|105
1390847155240|1390847183456|7320|105
1390847155272|1390847183456|7321|105
1390847155272|1390847183456|7321|105
1390847155272|1390847137904|7321|104
1390847155272|1390847183456|7321|105
1390847155272|1390847183456|7321|105
1390847155272|1390847183488|7321|105
1390847155304|1390847183488|7322|105
1390847155848|1390847167488|7339|105
1390847155944|1390847158576|7342|105
1390847157288|1390847157584|7384|105
1390847159880|1390847188096|7465|105
1390847159880|1390847188064|7465|105
1390847159880|1390847185728|7465|106
1390847159880|1390847134064|7465|105
1390847159912|1390847188096|7466|105
1390847159912|1390847188096|7466|105
1390847159912|1390847188096|7466|105
1390847159912|1390847188096|7466|105
1390847159912|1390847185760|7466|106
1390847159912|1390847171664|7466|108
1390847159944|1390847188160|7467|105
1390847159944|1390847188128|7467|105
1390847159944|1390847149584|7467|102
1390847159944|1390847166336|7467|103
1390847159976|1390847188160|7468|105
1390847159976|1390847134384|7468|104
1390847160008|1390847180032|7469|105
1390847160200|1390847188416|7475|105
1390847160200|1390847171136|7475|103
1390847160200|1390847188384|7475|105
1390847160328|1390847188512|7479|105
1390847160616|1390847188800|7488|105
1390847161352|1390847162688|7511|103
1390847162568|1390847190768|7549|105
1390847163976|1390847183456|7593|105
1390847163976|1390847170192|7593|108
1390847163976|1390847144720|7593|104
1390847163976|1390847174032|7593|108
1390847163976|1390847192176|7593|105
1390847163976|1390847148448|7593|107
1390847163976|1390847192176|7593|105
1390847164008|1390847159888|7594|103
1390847164008|1390847179136|7594|104
1390847164008|1390847192208|7594|105
1390847164008|1390847192208|7594|105
1390847164040|1390847192240|7595|105
1390847164040|1390847192240|7595|105
1390847164040|1390847192240|7595|105
1390847164040|1390847192208|7595|105
1390847164040|1390847192240|7595|105
1390847164072|1390847192240|7596|105
1390847164488|1390847192688|7609|105
1390847164488|1390847192688|7609|105
1390847165288|1390847173296|7634|107
1390847165288|1390847193488|7634|105
1390847165288|1390847193488|7634|105
1390847165288|1390847193488|7634|105
1390847165288|1390847193488|7634|105
1390847165320|1390847193488|7635|105
1390847165320|1390847193520|7635|105
1390847166056|1390847194256|7658|105
1390847166056|1390847194256|7658|105
1390847166056|1390847194256|7658|105
1390847166056|1390847194256|7658|105
1390847166088|1390847194256|7659|105
1390847166088|1390847194256|7659|105
1390847166088|1390847194256|7659|105
1390847166088|1390847194256|7659|105
1390847166088|1390847194288|7659|105
1390847166632|1390847194832|7676|105
1390847166760|1390847194960|7680|105
1390847166760|1390847194960|7680|105
1390847166792|1390847194960|7681|105
1390847166792|1390847194992|7681|105
1390847167048|1390847195248|7689|105
1390847167048|1390847195248|7689|105
1390847167208|1390847195408|7694|105
1390847167240|1390847195408|7695|105
1390847168200|1390847196400|7725|105
1390847168200|1390847196400|7725|105
1390847168200|1390847196400|7725|105
1390847168232|1390847196400|7726|105
1390847168232|1390847196400|7726|105
1390847168296|1390847173632|7728|103
1390847168296|1390847196496|7728|105
1390847168488|1390847196688|7734|105
1390847169256|1390847197456|7758|105
1390847169256|1390847188096|7758|105
1390847169256|1390847197456|7758|105
1390847169256|1390847167648|7758|103
1390847169256|1390847183584|7758|102
1390847169256|1390847197296|7758|106
1390847169256|1390847172032|7758|104
1390847169256|1390847149552|7758|102
1390847169256|1390847173152|7758|105
1390847169256|1390847197456|7758|105
1390847169256|1390847187152|7758|107
1390847169288|1390847197456|7759|105
1390847169288|1390847197456|7759|105
1390847169288|1390847183584|7759|102
1390847169288|1390847197296|7759|106
1390847169288|1390847149552|7759|102
1390847169288|1390847173152|7759|105
1390847169288|1390847197456|7759|105
1390847169384|1390847181120|7762|104
1390847169416|1390847197616|7763|105
1390847169416|1390847197616|7763|105
1390847169416|1390847183584|7763|102
1390847169448|1390847197616|7764|105
1390847169480|1390847198384|7765|107
1390847169544|1390847197744|7767|105
1390847169544|1390847197744|7767|105
1390847169544|1390847197744|7767|105
1390847169672|1390847197872|7771|105
1390847169672|1390847197872|7771|105
1390847169672|1390847173936|7771|107
1390847169704|1390847197904|7772|105
1390847169704|1390847192432|7772|103
1390847169704|1390847197904|7772|105
1390847169704|1390847194896|7772|106
1390847169704|1390847173936|7772|107
1390847169704|1390847197904|7772|105
1390847169768|1390847197968|7774|105
1390847169768|1390847173824|7774|106
1390847170536|1390847198736|7798|105
1390847171336|1390847199536|7823|105
1390847172808|1390847201008|7869|105
1390847172808|1390847163232|7869|103
1390847172808|1390847185728|7869|106
1390847172808|1390847176128|7869|103
1390847172840|1390847201040|7870|105
1390847172840|1390847185728|7870|106
1390847172840|1390847201040|7870|105
1390847172840|1390847185120|7870|103
1390847172840|1390847201040|7870|105
1390847172840|1390847180320|7870|103
1390847172840|1390847166368|7870|105
1390847172840|1390847148720|7870|102
1390847172840|1390847157776|7870|102
1390847172840|1390847195312|7870|107
1390847172840|1390847161120|7870|104
1390847172840|1390847202624|7870|107
1390847173064|1390847201232|7877|105
1390847173192|1390847201392|7881|105
1390847173928|1390847169152|7904|108
1390847174728|1390847202928|7929|105
1390847174728|1390847202928|7929|105
1390847175208|1390847203520|7944|108
1390847175240|1390847145792|7945|108
1390847177480|1390847167648|8015|104
1390847177512|1390847170672|8016|107
1390847177512|1390847156016|8016|105
1390847177512|1390847165920|8016|102
1390847177512|1390847201072|8016|105
1390847177544|1390847163616|8017|104
1390847177544|1390847178816|8017|105
1390847177544|1390847170672|8017|107
1390847177544|1390847173152|8017|105
1390847177896|1390847160288|8028|106
1390847177992|1390847190256|8031|105
1390847178152|1390847162048|8036|108
1390847178568|1390847178880|8049|104
1390847182856|1390847173120|8183|105
1390847184712|1390847182448|8241|108
1390847186568|1390847192144|8299|103
1390847188296|1390847171680|8353|105
1390847188648|1390847172512|8364|102
1390847190024|1390847177888|8407|105
1390847190088|1390847172608|8409|104
1390847190952|1390847201008|8436|105
1390847191560|1390847182336|8455|106
1390847192008|1390847162560|8469|102
1390847192072|1390847205136|8471|102
1390847192104|1390847190480|8472|104
1390847192104|1390847198672|8472|105
1390847192104|1390847218912|8472|108
1390847192104|1390847221792|8472|106
1390847192136|1390847168256|8473|103
1390847192136|1390847193040|8473|106
1390847192392|1390847184800|8481|103
1390847192424|1390847215792|8482|102
1390847192424|1390847196656|8482|105
1390847192424|1390847165984|8482|102
1390847192520|1390847197360|8485|106
1390847192520|1390847198544|8485|108
1390847192520|1390847163616|8485|104
1390847192520|1390847172224|8485|104
1390847192552|1390847204528|8486|106
1390847192552|1390847169824|8486|103
1390847192552|1390847198992|8486|106
1390847192616|1390847210976|8488|107
1390847192648|1390847210976|8489|107
1390847192808|1390847190288|8494|103
1390847193256|1390847220608|8508|103
1390847195304|1390847171392|8572|105
1390847195560|1390847225216|8580|103
1390847196200|1390847194416|8600|107
1390847197512|1390847191056|8641|102
1390847199400|1390847226720|8700|108
1390847199496|1390847206784|8703|107
1390847200072|1390847205744|8721|104
1390847200104|1390847205744|8722|104
1390847200168|1390847199824|8724|102
1390847200200|1390847197328|8725|106
1390847200232|1390847205456|8726|105
1390847200360|1390847171664|8730|108
1390847200360|1390847191024|8730|102
1390847200360|1390847222176|8730|106
1390847200392|1390847198672|8731|105
